task_id: 10
generator: _gen_two_op_task('+')
samples_per_length: 200
seed: 0
grid: l1 (rows) x l2 (cols), both in [1, 30]

# avg_steps
 l1\l2          1         2         3         4         5         6         7         8         9        10        11        12        13        14        15        16        17        18        19        20        21        22        23        24        25        26        27        28        29        30
     1       1.00      6.97      8.11      7.89     10.86     12.78     12.88     14.07     15.05     15.01     16.14     17.03     16.82     18.22     18.91     19.17     20.08     20.76     20.97     22.10     22.88     22.99     23.93     24.82     24.75     26.02     26.87     26.99     28.10     29.26
     2       6.97      8.46     12.77     13.62     14.82     16.35     18.88     19.14     19.97     21.23     20.95     22.14     23.16     22.94     23.95     24.79     24.86     25.86     26.64     27.10     27.95     29.36     29.05     30.01     30.98     31.25     31.68     32.87     33.09     33.89
     3       7.69     12.52     13.64     18.70     19.52     19.51     21.98     24.07     24.48     25.61     26.87     26.56     27.96     29.07     28.43     29.81     30.98     30.64     31.68     32.66     32.59     33.91     34.79     34.66     35.88     36.49     36.87     37.71     39.05     39.34
     4       8.22     13.89     18.57     19.68     24.50     25.78     25.25     27.48     30.00     30.09     31.32     32.48     32.59     33.18     33.93     33.87     35.48     36.91     36.87     37.37     38.02     38.36     39.38     39.91     40.81     41.28     42.48     42.70     43.58     44.23
     5      10.70     14.61     19.76     23.91     25.80     29.73     31.61     31.34     32.84     36.02     35.85     36.66     37.51     37.81     38.88     40.41     40.27     41.30     42.12     42.79     43.20     43.84     43.70     44.82     45.59     46.91     47.08     48.37     48.53     48.66
     6      12.62     16.23     19.93     24.95     29.34     30.83     35.52     36.37     36.45     38.80     40.88     41.70     42.88     43.26     44.05     44.84     46.37     45.59     46.74     47.46     47.97     48.42     49.49     48.87     49.62     50.59     51.35     52.57     53.32     53.23
     7      12.91     19.22     22.18     25.18     30.99     35.45     36.28     41.12     42.19     41.84     44.42     46.34     47.02     47.81     48.93     48.52     49.78     51.53     50.53     51.53     51.95     52.43     54.37     55.62     55.70     56.19     56.99     56.41     57.97     58.70
     8      14.12     18.89     24.41     27.57     31.47     36.26     40.28     41.16     46.26     47.97     47.84     50.27     52.68     53.47     54.38     54.83     55.40     56.38     56.12     56.77     58.02     58.40     58.82     59.53     60.59     61.51     62.35     62.55     62.72     63.84
     9      14.96     19.82     24.11     30.27     32.98     36.62     41.92     46.88     47.37     51.77     52.42     53.23     56.41     58.34     57.09     59.45     61.41     60.30     61.66     62.48     63.03     63.75     64.80     64.77     65.75     66.24     66.13     66.95     68.67     68.76
    10      14.85     20.98     25.73     30.37     35.69     38.51     41.81     47.01     51.59     52.44     57.34     58.89     60.30     61.85     63.91     64.70     64.86     66.31     65.84     67.04     68.45     68.22     69.11     69.88     69.89     70.95     71.50     71.34     72.39     73.30
    11      16.19     20.96     26.82     31.84     36.09     41.51     44.59     47.48     53.16     57.27     59.63     64.01     64.50     65.00     67.10     69.58     69.20     70.02     71.42     71.97     73.04     74.64     74.80     75.23     76.06     75.86     76.22     77.55     77.83     77.90
    12      16.58     21.70     26.27     31.52     36.71     41.62     47.14     50.26     53.56     59.52     63.42     64.08     69.36     70.52     70.56     73.68     75.21     75.36     75.95     76.60     77.66     78.52     78.83     80.92     81.72     81.44     82.07     83.15     83.78     82.84
    13      16.75     23.20     27.24     31.98     37.55     42.81     47.26     52.61     55.37     58.76     64.08     68.02     70.18     75.31     77.19     75.01     77.73     80.68     81.09     80.97     82.77     83.57     83.66     85.97     85.50     86.22     86.80     86.61     88.35     89.56
    14      18.02     23.60     28.86     33.27     37.74     43.44     47.84     53.04     58.34     61.59     64.93     69.30     74.92     75.61     81.12     81.64     82.80     84.17     86.23     87.45     87.66     88.63     88.78     88.39     89.17     90.88     90.68     93.23     92.61     94.50
    15      18.95     24.34     28.61     33.72     38.16     43.02     49.16     53.82     58.65     63.46     66.39     70.25     75.67     80.08     81.42     85.13     87.00     87.36     89.39     92.67     92.86     93.67     93.94     95.11     95.56     97.09     97.16     97.75     97.83     97.71
    16      18.74     24.80     29.61     34.12     39.76     44.35     49.33     54.75     59.08     64.63     70.09     72.83     76.35     80.44     86.44     87.34     91.66     93.25     93.66     94.48     98.38     98.12     98.06     98.92     99.91    101.24    101.95    102.23    103.19    103.98
    17      20.11     24.91     30.14     34.59     39.60     45.63     50.31     55.02     60.59     65.33     70.30     77.68     78.88     81.66     86.84     91.31     92.66     96.89     98.28     99.26    101.19    102.98    103.38    104.27    105.56    104.83    105.42    106.45    107.61    109.24
    18      20.98     26.11     30.84     35.84     40.58     45.55     51.98     54.99     60.20     66.25     71.44     74.78     80.51     83.68     88.69     93.19     97.32     97.68    103.01    103.81    103.91    106.17    109.04    110.33    110.87    110.51    110.58    112.16    112.50    113.31
    19      21.04     26.48     31.41     36.07     41.72     47.02     51.73     56.63     61.88     66.23     72.57     75.44     81.13     86.81     88.83     91.66     97.78    103.50    105.55    110.35    109.36    109.45    111.62    113.69    114.66    114.91    116.77    116.39    116.96    119.33
    20      22.16     27.41     31.97     36.59     41.76     47.59     52.15     56.41     63.41     67.59     72.86     76.94     82.92     86.14     91.75     94.64     97.84    103.67    107.95    109.30    114.50    114.72    115.59    116.73    120.13    120.82    122.08    122.92    122.87    122.72
    21      22.99     27.62     32.88     38.53     42.94     47.92     53.21     57.94     63.21     67.83     72.69     76.81     82.28     87.53     92.24     97.11    100.28    103.47    109.34    114.64    115.52    119.23    121.03    121.73    121.94    124.52    126.03    128.07    129.31    128.26
    22      23.14     29.07     33.62     38.49     44.60     48.77     53.49     58.88     63.54     67.50     72.92     78.26     82.53     88.39     92.31     97.40    104.31    107.00    110.01    115.45    119.69    121.78    126.55    126.84    127.45    128.69    131.96    131.30    132.22    133.34
    23      24.04     29.17     34.70     39.74     44.41     49.76     54.66     59.37     65.17     69.42     74.48     78.72     83.61     88.24     94.38     98.80    103.72    109.21    111.75    116.06    121.24    125.19    126.41    131.43    132.11    132.62    134.27    136.85    137.93    138.00
    24      24.96     29.91     34.81     40.23     44.59     49.15     54.38     58.91     64.95     70.38     74.39     79.29     84.47     89.25     94.95    100.12    104.34    109.39    114.97    119.07    121.27    125.78    131.09    133.25    136.16    136.67    136.80    139.36    142.16    142.75
    25      24.85     30.36     35.17     39.66     45.51     50.33     54.78     60.70     65.49     70.00     76.12     80.30     84.68     89.77     95.27    100.67    105.88    109.53    114.24    120.23    123.88    126.91    132.48    137.59    138.56    143.01    143.57    142.44    145.43    149.29
    26      26.11     31.17     36.59     41.01     46.34     52.14     56.35     62.03     66.84     71.42     75.69     80.56     85.39     90.78     95.92    100.81    105.72    111.16    116.40    120.11    126.20    129.81    132.04    138.41    143.42    142.40    146.76    147.84    148.07    151.85
    27      26.77     31.91     36.31     41.61     46.55     51.80     57.58     61.19     66.27     72.41     76.32     80.25     87.28     92.01     95.99    101.44    106.78    110.95    115.44    120.90    125.75    131.60    134.54    138.03    143.78    148.28    150.28    154.57    153.31    154.46
    28      27.11     32.85     37.76     42.26     48.16     52.78     57.65     62.17     66.39     72.53     78.81     81.86     86.83     91.50     96.17    100.52    106.45    111.12    117.95    122.89    127.67    131.37    136.08    140.28    145.09    149.10    152.94    153.03    159.33    160.54
    29      28.11     33.38     39.01     43.00     47.71     53.75     59.17     62.95     67.88     71.94     77.42     83.55     88.02     93.07     98.83    102.89    106.42    113.17    117.45    122.42    128.91    133.10    137.62    142.35    145.35    149.84    155.60    160.57    161.91    165.81
    30      28.78     34.12     38.65     44.17     48.45     52.85     59.65     64.00     67.78     72.82     78.48     83.34     88.58     93.72     97.78    103.36    107.81    112.22    118.33    123.00    126.84    132.79    138.15    142.37    148.23    150.93    155.31    162.34    165.90    165.63

# max_steps
 l1\l2          1         2         3         4         5         6         7         8         9        10        11        12        13        14        15        16        17        18        19        20        21        22        23        24        25        26        27        28        29        30
     1          1         8        12        16        20        15        19        23        23        23        21        25        23        27        23        27        25        25        29        31        27        31        29        33        33        31        35        35        37        41
     2          8        13        17        21        23        27        33        28        28        28        30        30        30        34        32        32        34        38        34        42        36        40        40        38        42        42        40        40        42        46
     3         12        17        22        26        30        32        32        33        37        33        37        39        39        39        39        41        45        43        45        43        45        45        45        47        47        47        49        45        57        53
     4         16        21        26        31        35        39        37        45        42        42        42        44        48        52        52        52        56        55        50        48        52        56        55        54        56        60        54        58        58        58
     5         14        25        30        35        40        44        48        47        49        51        51        51        53        53        53        55        59        55        57        61        57        61        59        59        61        65        61        63        69        63
     6         18        27        32        37        44        49        53        55        55        55        56        64        60        58        62        62        64        64        64        68        62        70        71        68        68        70        70        70        70        69
     7         19        27        32        43        48        53        58        62        60        64        64        69        69        64        67        75        71        73        65        69        70        73        71        72        77        77        79        75        78        81
     8         19        28        40        41        47        55        57        62        66        73        73        65        69        82        78        76        76        80        77        74        77        77        83        84        82        86        86        80        79        84
     9         23        32        37        42        46        55        61        67        71        68        73        77        78        79        74        83        81        84        89        84        88        91        93        88        88        87        86        82        93       101
    10         23        28        41        46        54        55        68        60        76        76        84        82        86        87        91        87        85        89        89        93        91        91        91        89        97        97        97        95        98        97
    11         25        30        37        46        51        56        64        73        77        80        85        89        87        87        88        91        92        88       103        97       107       100        96       101       101       102       106        99       109       104
    12         21        36        35        44        55        60        64        69        73        82        84        85        94        91       100        96        97       104        96       102       103       107       109       109       113       116       106       102       119       113
    13         25        30        39        48        55        60        69        74        78        90        86        90        94       100       110       109        97       105       114       105       108       126       116       114       123       121       116       116       117       117
    14         23        32        39        48        57        62        64        78        87        95        91        98       107        99       105       105       109       118       110       122       123       116       112       121       117       122       121       129       128       122
    15         27        32        37        46        53        62        67        74        78        83        95        95        99       104       113       125       131       122       123       119       119       128       121       123       125       124       122       123       117       133
    16         25        32        41        46        55        66        73        82        76        91        95        96       105       106       111       125       116       124       120       116       131       134       128       125       126       127       132       129       135       142
    17         31        34        41        50        61        66        71        79        81        91        96       104       104       113       118       116       121       122       133       127       131       129       138       129       133       143       138       142       132       137
    18         29        39        49        54        55        64        73        76        90        89       101        97       105       117       119       123       130       130       131       140       137       137       138       146       138       139       138       133       137       140
    19         29        34        43        54        57        68        69        77        83       102       102        97       105       112       114       118       125       129       127       136       132       136       140       146       147       149       144       151       148       147
    20         31        36        41        52        57        66        69        82        91        94        94        98       105       114       123       128       128       135       144       139       146       154       153       149       149       146       155       156       151       160
    21         27        32        45        50        57        66        68        81        87        86        94        99       107       113       123       122       132       141       135       147       153       148       162       181       160       159       160       153       169       161
    22         31        36        49        54        59        66        73        80        82        91        99       102       104       112       116       128       136       136       148       153       152       159       164       156       156       159       172       172       165       165
    23         33        40        45        54        59        68        75        80        86        95        91        97       107       114       117       128       133       145       149       155       150       153       158       158       162       162       169       169       177       167
    24         33        42        47        52        59        68        73        79        84        94        96       105       114       128       117       130       131       146       142       151       150       157       159       176       172       172       163       170       174       182
    25         33        42        47        52        61        68        76        82        93        93        97       105       108       118       120       122       138       137       154       163       163       168       162       167       177       181       170       176       177       184
    26         35        40        47        52        65        71        72        90        90        93        98       103       113       119       119       131       138       143       155       154       158       161       168       173       179       184       193       188       183       188
    27         31        42        45        56        65        70        79        86        91        99       102       102       115       114       127       131       132       140       144       156       171       163       169       164       179       185       178       188       194       189
    28         39        40        49        58        65        70        79        84        91       104       104       106       111       112       136       132       132       136       161       175       166       161       186       169       197       197       184       191       196       193
    29         37        44        57        54        67        72        83        88        90        95        97       104       110       118       125       132       132       142       147       153       166       172       181       183       181       195       190       206       200       209
    30         33        42        51        58        67        72        79        92        87        98       104       112       126       116       125       135       136       149       151       160       162       162       168       171       177       189       199       199       200       204

# visible_avg
 l1\l2          1         2         3         4         5         6         7         8         9        10        11        12        13        14        15        16        17        18        19        20        21        22        23        24        25        26        27        28        29        30
     1       4.00      5.41      6.29      7.32      7.81      8.50      9.58     10.35     11.18     12.21     12.95     13.78     14.81     15.48     16.34     17.18     18.00     18.87     19.69     20.46     21.25     22.08     22.92     23.69     24.55     25.28     26.05     26.81     27.59     28.24
     2       5.40      6.39      6.69      7.50      8.27      8.76      9.37     10.26     11.00     11.79     12.78     13.42     14.27     15.22     15.92     16.77     17.54     18.37     19.19     19.97     20.59     21.40     22.41     23.21     23.99     24.63     25.57     26.19     26.96     27.74
     3       6.29      6.61      7.47      7.60      8.35      9.23      9.61     10.21     11.03     11.74     12.45     13.42     13.96     14.69     15.66     16.31     17.08     18.04     18.61     19.42     20.45     20.93     21.73     22.64     23.23     24.27     25.07     25.88     26.11     26.80
     4       7.31      7.42      7.58      8.28      8.44      9.09      9.98     10.43     10.87     11.80     12.41     13.14     14.17     14.79     15.52     16.48     16.83     17.55     18.31     19.11     20.19     20.93     21.68     22.56     23.06     23.85     24.30     25.15     25.88     26.77
     5       7.79      8.30      8.33      8.42      9.03      9.24      9.90     10.68     11.21     11.59     12.47     13.13     13.92     14.65     15.34     15.98     16.93     17.33     18.26     18.96     19.74     20.71     21.51     22.14     22.98     23.25     24.20     24.83     25.57     26.44
     6       8.53      8.81      9.18      9.16      9.22      9.82      9.88     10.58     11.44     11.83     12.35     13.09     13.78     14.55     15.27     15.83     16.45     17.61     18.20     18.91     19.55     20.42     21.18     22.35     23.01     23.64     24.16     25.01     25.67     26.26
     7       9.57      9.30      9.58     10.01      9.91      9.95     10.57     10.71     11.28     12.25     12.57     13.04     13.88     14.48     15.19     16.08     16.61     17.21     18.15     19.06     19.86     20.45     20.84     21.28     22.19     23.09     23.95     25.08     25.44     26.12
     8      10.34     10.34     10.16     10.36     10.65     10.61     10.66     11.32     11.32     11.92     12.77     13.17     13.68     14.32     14.96     15.78     16.52     17.04     18.14     18.76     19.42     20.06     20.86     21.70     22.47     22.88     23.59     24.36     25.18     25.69
     9      11.20     11.11     11.16     10.85     11.21     11.41     11.38     11.36     11.97     12.06     12.79     13.42     13.74     14.29     15.22     15.61     16.14     17.25     17.85     18.45     19.24     20.03     20.70     21.48     22.15     22.87     23.91     24.40     24.88     25.58
    10      12.25     11.86     11.79     11.79     11.60     11.93     12.11     12.05     12.13     12.66     12.76     13.33     13.90     14.34     14.86     15.74     16.44     16.95     17.87     18.38     18.92     19.85     20.63     21.28     22.18     22.83     23.58     24.42     25.17     25.79
    11      12.95     12.78     12.48     12.30     12.44     12.27     12.48     12.83     12.72     12.71     13.15     13.31     13.98     14.66     15.09     15.61     16.45     17.13     17.77     18.52     19.12     19.60     20.27     20.99     21.84     22.71     23.40     23.82     24.63     25.63
    12      13.92     13.59     13.45     13.36     13.10     13.10     13.00     13.26     13.38     13.19     13.25     13.95     14.08     14.51     15.40     15.63     16.09     17.03     17.70     18.57     19.17     19.75     20.39     20.66     21.36     22.32     22.85     23.72     24.60     25.48
    13      14.83     14.27     14.18     14.08     13.92     13.82     13.83     13.68     13.91     14.23     14.04     14.17     14.56     14.58     15.15     16.21     16.49     16.96     17.55     18.26     18.95     19.78     20.38     20.77     21.66     22.24     23.05     23.93     24.32     24.95
    14      15.54     14.88     14.77     14.70     14.73     14.44     14.48     14.52     14.29     14.43     14.81     14.78     14.62     15.17     15.21     15.84     16.48     16.97     17.50     18.12     18.88     19.54     20.20     21.19     21.92     22.25     23.12     23.55     24.28     24.69
    15      16.33     15.74     15.70     15.61     15.43     15.45     15.21     15.03     14.97     14.95     15.28     15.30     15.28     15.38     15.96     15.98     16.60     17.25     17.78     18.01     18.69     19.46     20.34     20.84     21.56     22.04     22.77     23.72     24.44     25.28
    16      17.31     16.86     16.52     16.37     16.17     16.07     15.96     15.69     15.75     15.62     15.56     15.77     15.94     16.06     15.82     16.42     16.51     17.04     17.81     18.56     18.77     19.46     20.23     21.02     21.54     22.14     22.82     23.45     24.23     24.79
    17      18.00     17.66     17.30     17.24     17.04     16.62     16.46     16.49     16.36     16.41     16.25     15.71     16.39     16.70     16.58     16.64     17.16     17.17     17.87     18.41     18.96     19.53     20.15     20.78     21.31     22.52     23.13     23.78     24.24     24.61
    18      18.79     18.23     17.98     18.01     17.85     17.60     17.13     17.50     17.24     16.90     16.74     17.03     16.80     17.11     17.02     17.03     17.19     17.84     17.81     18.40     19.18     19.67     20.10     20.63     21.12     21.99     22.90     23.46     24.16     24.68
    19      19.64     19.26     18.81     18.81     18.33     17.94     17.91     17.90     17.67     17.85     17.56     17.78     17.61     17.53     17.83     18.07     17.87     17.78     18.08     18.18     19.08     19.81     20.36     20.76     21.34     22.14     22.60     23.61     24.25     24.47
    20      20.42     19.81     19.71     19.58     19.22     18.89     18.74     18.84     18.32     18.39     18.17     18.33     18.10     18.36     18.29     18.54     18.86     18.42     18.56     19.07     19.09     19.80     20.54     21.15     21.39     22.02     22.59     23.17     23.95     25.01
    21      21.22     20.97     20.49     20.03     19.57     19.36     19.61     19.47     19.12     19.32     19.12     19.19     19.05     18.89     18.93     18.86     19.09     19.33     18.99     18.97     19.72     19.91     20.18     21.04     21.88     22.34     22.64     23.17     23.62     24.54
    22      22.03     21.42     21.00     20.82     20.40     20.22     20.21     20.17     19.98     20.03     19.89     19.79     19.69     19.51     19.87     19.64     19.26     19.49     19.84     19.69     19.76     20.27     20.16     20.87     21.58     22.10     22.53     23.42     24.06     24.57
    23      22.88     22.24     21.87     21.29     21.34     20.97     20.69     20.66     20.49     20.29     20.16     20.28     20.44     20.34     20.15     20.10     20.17     20.09     20.28     20.30     20.31     20.29     20.88     20.90     21.73     22.25     22.85     23.24     23.68     24.60
    24      23.63     22.97     22.62     22.49     22.20     22.01     21.94     21.71     21.28     21.15     21.30     21.20     21.12     21.09     20.83     20.90     20.75     20.72     20.54     20.58     20.96     21.10     20.99     21.51     21.91     22.44     23.20     23.56     23.94     24.53
    25      24.52     24.23     23.73     23.50     23.03     22.66     22.49     22.31     22.15     21.99     21.63     21.77     21.95     21.81     21.52     21.33     21.42     21.68     21.61     21.33     21.37     21.69     21.67     21.64     22.18     22.08     22.82     23.77     24.07     24.23
    26      25.24     24.56     24.21     23.66     23.50     23.20     23.03     22.33     22.73     22.63     22.68     22.54     22.63     22.35     22.29     22.16     22.10     22.17     22.01     22.27     21.95     21.97     22.22     22.07     22.18     23.09     23.14     23.70     24.36     24.61
    27      26.09     25.45     25.15     25.11     24.56     24.09     23.78     23.87     23.57     23.22     23.41     23.53     22.86     22.87     23.00     22.88     22.68     22.85     23.07     22.65     22.69     22.70     22.74     22.94     22.77     22.90     23.21     23.45     24.28     24.85
    28      26.77     26.28     25.59     25.45     24.95     24.77     24.52     24.78     24.55     23.92     23.75     24.17     23.98     23.96     24.08     24.12     23.75     23.58     23.17     23.25     23.29     23.39     23.26     23.42     23.46     23.54     23.51     24.28     24.19     24.71
    29      27.58     26.87     26.32     26.29     26.00     25.44     24.84     25.25     25.46     25.22     24.78     24.37     24.35     24.41     24.17     24.24     24.55     24.06     24.18     24.05     23.69     23.75     23.84     23.95     24.14     24.12     23.94     24.04     24.37     24.52
    30      28.45     27.55     27.27     26.64     26.90     26.55     25.90     25.72     25.91     25.91     25.23     25.19     25.20     24.98     25.12     25.03     25.10     25.17     24.77     24.77     25.06     24.69     24.63     24.57     24.41     24.95     24.74     24.30     24.61     25.38

# visible_max
 l1\l2          1         2         3         4         5         6         7         8         9        10        11        12        13        14        15        16        17        18        19        20        21        22        23        24        25        26        27        28        29        30
     1          4         9        11        13        15        15        17        19        21        23        25        27        29        31        33        35        37        39        41        43        45        47        49        51        53        55        57        59        61        63
     2          9        11        12        14        15        17        20        20        22        24        26        28        30        32        34        36        38        40        42        44        46        48        50        52        54        56        58        60        62        64
     3         11        12        14        15        17        18        19        21        23        25        27        29        31        33        35        37        39        41        43        45        47        49        51        53        55        57        59        61        63        65
     4         13        14        15        17        18        20        21        23        24        26        28        30        32        34        36        38        40        42        44        46        48        50        52        54        56        58        60        62        64        66
     5         13        16        17        18        20        21        23        25        26        27        29        31        33        35        37        39        41        43        45        47        49        51        53        55        57        59        61        63        65        67
     6         15        17        18        19        21        23        24        25        26        28        30        32        34        36        38        40        42        44        46        48        50        52        54        56        58        60        62        64        66        68
     7         17        18        19        22        23        24        26        27        28        29        31        33        35        37        39        41        43        45        47        49        51        53        55        57        59        61        63        65        67        69
     8         19        20        22        22        25        25        27        29        30        32        33        34        36        38        40        42        44        46        48        50        52        54        56        58        60        62        64        66        68        70
     9         21        22        23        24        25        27        29        30        32        32        33        35        37        39        41        43        45        47        49        51        53        55        57        59        61        63        65        67        69        71
    10         23        24        25        26        27        28        30        31        33        33        36        37        38        40        42        44        46        48        50        52        54        56        58        60        62        64        66        68        70        72
    11         25        26        27        28        29        30        31        32        34        35        36        38        40        41        43        45        47        49        51        53        55        57        59        61        63        65        67        69        71        73
    12         27        28        29        30        31        32        33        34        35        37        38        39        41        43        44        46        48        50        52        54        56        58        60        62        64        66        68        70        72        74
    13         29        30        31        32        33        34        35        36        37        39        39        41        42        44        46        47        49        51        53        55        57        59        61        63        65        67        69        71        73        75
    14         31        32        33        34        35        36        37        38        39        40        41        42        44        45        47        49        50        52        54        56        58        60        62        64        66        68        70        72        74        76
    15         33        34        35        36        37        38        39        40        41        42        43        45        46        47        48        50        52        53        55        57        59        61        63        65        67        69        71        73        75        77
    16         35        36        37        38        39        40        41        42        43        44        45        46        47        49        50        51        53        55        56        58        60        62        64        66        68        70        72        74        76        78
    17         37        38        39        40        41        42        43        44        45        46        47        48        49        50        52        53        54        56        58        59        61        63        65        67        69        71        73        75        77        79
    18         39        40        41        42        43        44        45        46        47        48        49        50        51        52        53        55        56        57        59        61        62        64        66        68        70        72        74        76        78        80
    19         41        42        43        44        45        46        47        48        49        50        51        52        53        54        55        56        57        59        60        62        64        66        67        69        71        73        75        77        79        81
    20         43        44        45        46        47        48        49        50        51        52        53        54        55        56        57        58        60        60        62        63        65        67        68        70        72        74        76        78        80        82
    21         45        46        47        48        49        50        51        52        53        54        55        56        57        58        59        60        61        62        63        65        66        68        70        72        73        75        77        79        81        83
    22         47        48        49        50        51        52        53        54        55        56        57        58        59        60        61        62        63        64        65        67        68        69        71        73        74        76        78        80        82        84
    23         49        50        51        52        53        54        55        56        57        58        59        60        61        62        63        64        65        66        67        69        70        71        72        74        75        77        79        81        83        85
    24         51        52        53        54        55        56        57        58        59        60        61        62        63        64        65        66        67        68        69        70        71        73        74        75        77        78        80        82        84        86
    25         53        54        55        56        57        58        59        60        61        62        63        64        65        66        67        68        69        70        71        72        73        75        76        77        78        80        81        83        85        87
    26         55        56        57        58        59        60        61        62        63        64        65        66        67        68        69        70        71        72        73        74        75        76        77        79        80        81        83        85        86        88
    27         57        58        59        60        61        62        63        64        65        66        67        68        69        70        71        72        73        74        75        76        77        78        79        80        82        83        84        86        88        89
    28         59        60        61        62        63        64        65        66        67        68        69        70        71        72        73        74        75        76        77        78        79        80        81        82        83        85        86        87        89        90
    29         61        62        63        64        65        66        67        68        69        70        71        72        73        74        75        76        77        78        79        80        81        82        83        84        85        86        88        89        90        92
    30         63        64        65        66        67        68        69        70        71        72        73        74        75        76        77        78        79        80        81        82        83        84        85        86        87        88        89        90        92        93

# total_avg
 l1\l2          1         2         3         4         5         6         7         8         9        10        11        12        13        14        15        16        17        18        19        20        21        22        23        24        25        26        27        28        29        30
     1       4.00      6.62      7.92      9.10     10.87     12.37     13.70     15.29     16.75     18.04     19.64     21.14     22.41     24.03     25.54     26.78     28.46     29.99     31.21     32.91     34.41     35.62     37.37     38.89     40.10     41.82     43.33     44.50     46.23     47.69
     2       6.62      8.39      9.82     10.99     12.36     13.77     15.22     16.51     17.96     19.40     20.65     22.15     23.63     24.86     26.38     27.87     29.08     30.67     32.19     33.40     34.93     36.50     37.75     39.34     40.92     42.04     43.75     45.20     46.41     48.01
     3       7.79      9.64     11.15     12.71     13.86     15.04     16.51     17.90     19.20     20.62     22.03     23.25     24.69     26.12     27.32     28.81     30.28     31.52     32.98     34.45     35.76     37.19     38.70     39.95     41.45     43.04     44.28     45.81     47.19     48.36
     4       9.17     10.93     12.67     14.06     15.49     16.71     17.78     19.18     20.62     21.86     23.27     24.66     25.91     27.30     28.66     29.91     31.31     32.75     33.95     35.41     36.94     38.16     39.65     41.15     42.32     43.80     45.20     46.45     47.94     49.49
     5      10.83     12.33     13.88     15.35     16.81     18.12     19.41     20.54     21.85     23.32     24.54     25.88     27.23     28.45     29.87     31.27     32.52     33.84     35.29     36.53     37.92     39.42     40.63     42.05     43.56     44.64     46.14     47.60     48.79     50.29
     6      12.35     13.70     15.14     16.54     18.02     19.39     20.75     21.95     23.15     24.56     25.90     27.17     28.51     29.84     31.11     32.44     33.82     35.08     36.44     37.79     39.02     40.44     41.88     43.18     44.63     45.99     47.15     48.70     50.12     51.23
     7      13.70     15.25     16.55     17.79     19.30     20.73     21.97     23.39     24.59     25.80     27.18     28.50     29.79     31.13     32.49     33.65     34.99     36.39     37.56     39.02     40.38     41.56     42.92     44.25     45.52     46.94     48.41     49.74     51.08     52.49
     8      15.29     16.48     17.93     19.22     20.57     21.96     23.27     24.54     25.97     27.25     28.45     29.80     31.22     32.45     33.77     35.07     36.30     37.61     38.99     40.20     41.56     42.88     44.12     45.54     46.98     48.08     49.48     50.88     52.11     53.46
     9      16.75     17.96     19.16     20.64     21.88     23.18     24.59     26.03     27.23     28.60     29.78     31.03     32.47     33.85     34.95     36.29     37.63     38.89     40.22     41.54     42.77     44.14     45.48     46.71     48.08     49.44     50.73     52.05     53.40     54.58
    10      18.03     19.39     20.63     21.90     23.27     24.53     25.78     27.22     28.60     29.78     31.19     32.48     33.68     35.02     36.37     37.69     38.97     40.26     41.48     42.77     44.09     45.33     46.68     48.01     49.25     50.64     52.01     53.25     54.63     55.99
    11      19.65     20.65     22.03     23.29     24.54     25.92     27.19     28.40     29.83     31.19     32.52     33.92     35.13     36.31     37.63     39.02     40.24     41.55     42.87     44.10     45.36     46.70     47.88     49.24     50.62     51.83     53.16     54.42     55.69     57.11
    12      21.14     22.17     23.24     24.61     25.89     27.17     28.59     29.87     31.08     32.52     33.84     35.07     36.51     37.71     38.89     40.26     41.60     42.88     44.19     45.50     46.72     47.97     49.25     50.41     51.72     53.10     54.29     55.69     57.11     58.24
    13      22.41     23.62     24.69     25.85     27.22     28.53     29.82     31.19     32.41     33.67     35.07     36.41     37.72     39.08     40.35     41.50     42.83     44.24     45.43     46.67     48.02     49.32     50.55     51.86     53.11     54.35     55.68     56.91     58.25     59.56
    14      24.06     24.83     26.11     27.28     28.47     29.83     31.11     32.45     33.81     35.03     36.30     37.67     39.04     40.30     41.72     42.90     44.15     45.43     46.84     48.08     49.35     50.65     51.83     53.12     54.48     55.61     56.89     58.29     59.46     60.77
    15      25.55     26.32     27.36     28.67     29.84     31.08     32.50     33.72     35.00     36.34     37.60     38.88     40.31     41.70     42.98     44.20     45.50     46.74     48.09     49.43     50.59     51.91     53.23     54.48     55.72     57.01     58.23     59.63     60.93     62.11
    16      26.81     27.90     28.87     29.91     31.28     32.45     33.64     35.03     36.35     37.63     39.06     40.25     41.49     42.88     44.29     45.60     46.92     48.14     49.33     50.73     52.14     53.28     54.47     55.83     57.03     58.32     59.59     60.73     62.15     63.39
    17      28.46     29.13     30.30     31.39     32.48     33.78     35.02     36.29     37.67     38.98     40.28     41.68     42.92     44.13     45.49     46.89     48.20     49.49     50.73     51.88     53.27     54.59     55.80     57.13     58.34     59.69     60.93     62.25     63.42     64.68
    18      29.97     30.65     31.51     32.82     33.94     35.06     36.40     37.64     38.90     40.25     41.52     42.80     44.18     45.45     46.74     48.08     49.43     50.68     52.08     53.29     54.48     55.83     57.16     58.43     59.66     60.94     62.20     63.55     64.78     65.96
    19      31.19     32.19     33.03     34.07     35.29     36.39     37.60     38.96     40.16     41.51     42.86     44.16     45.45     46.87     48.05     49.25     50.71     52.07     53.31     54.61     55.87     57.04     58.44     59.77     61.05     62.31     63.58     64.91     66.13     67.34
    20      32.87     33.37     34.52     35.52     36.52     37.84     38.98     40.20     41.52     42.79     44.06     45.47     46.80     48.07     49.47     50.71     51.96     53.25     54.66     55.87     57.29     58.53     59.74     61.07     62.46     63.66     64.92     66.18     67.37     68.78
    21      34.42     35.06     35.79     36.95     37.83     38.93     40.45     41.56     42.78     44.18     45.40     46.65     48.01     49.38     50.71     52.06     53.30     54.55     55.91     57.21     58.52     59.85     61.05     62.31     63.71     65.09     66.20     67.46     68.70     69.89
    22      35.61     36.46     37.20     38.15     39.37     40.39     41.58     42.97     44.13     45.32     46.68     47.99     49.24     50.61     52.01     53.23     54.64     55.82     57.19     58.49     59.83     61.16     62.51     63.67     64.89     66.22     67.71     68.85     70.10     71.40
    23      37.36     37.69     38.76     39.53     40.61     41.83     42.92     44.10     45.48     46.56     47.83     49.22     50.58     51.83     53.24     54.49     55.91     57.25     58.44     59.75     61.16     62.48     63.63     65.01     66.36     67.52     68.86     70.28     71.36     72.68
    24      38.86     39.27     39.95     41.16     42.07     43.09     44.41     45.51     46.64     48.01     49.26     50.52     51.87     53.15     54.45     55.90     57.10     58.38     59.73     61.05     62.34     63.76     65.11     66.37     67.70     68.89     70.10     71.43     72.82     73.94
    25      40.09     40.99     41.56     42.40     43.55     44.51     45.55     46.91     48.07     49.19     50.53     51.82     53.14     54.47     55.76     57.00     58.43     59.78     61.04     62.39     63.65     64.89     66.37     67.72     68.95     70.25     71.51     72.65     73.93     75.26
    26      41.79     42.02     43.03     43.73     44.68     45.91     46.97     47.91     49.40     50.59     51.82     53.14     54.41     55.65     57.04     58.29     59.60     61.03     62.32     63.71     65.02     66.24     67.43     68.88     70.27     71.46     72.85     74.09     75.26     76.61
    27      43.35     43.68     44.27     45.46     46.26     47.16     48.40     49.54     50.61     51.92     53.20     54.43     55.67     56.94     58.21     59.62     60.89     62.23     63.69     64.92     66.26     67.69     68.84     70.09     71.48     72.89     74.09     75.47     76.64     77.79
    28      44.49     45.26     45.70     46.53     47.62     48.60     49.63     51.00     52.06     53.08     54.49     55.80     57.00     58.36     59.63     60.89     62.17     63.50     64.79     66.17     67.51     68.85     70.16     71.41     72.70     74.07     75.35     76.58     78.03     79.24
    29      46.22     46.37     47.23     48.08     48.92     50.03     50.91     52.15     53.57     54.63     55.72     57.02     58.25     59.47     60.89     62.15     63.54     64.81     66.13     67.40     68.76     70.03     71.37     72.78     74.08     75.29     76.67     78.06     79.22     80.57
    30      47.82     47.91     48.51     49.43     50.44     51.31     52.45     53.47     54.64     56.03     56.97     58.22     59.64     60.78     62.06     63.54     64.76     66.03     67.39     68.69     69.99     71.31     72.69     73.97     75.36     76.71     77.87     79.24     80.60     81.78

# total_max
 l1\l2          1         2         3         4         5         6         7         8         9        10        11        12        13        14        15        16        17        18        19        20        21        22        23        24        25        26        27        28        29        30
     1          4        10        12        14        16        15        17        19        21        23        25        27        29        31        33        35        37        39        41        43        45        47        49        51        53        55        57        59        61        63
     2         10        14        15        16        17        19        21        20        22        24        26        28        30        32        34        36        38        40        42        44        46        48        50        52        54        56        58        60        62        64
     3         12        15        17        18        19        20        21        22        23        25        27        29        31        33        35        37        39        41        43        45        47        49        51        53        55        57        59        61        63        65
     4         14        16        18        20        21        22        23        24        25        26        28        30        32        34        36        38        40        42        44        46        48        50        52        54        56        58        60        62        64        66
     5         14        17        19        21        23        24        25        26        27        28        29        31        33        35        37        39        41        43        45        47        49        51        53        55        57        59        61        63        65        67
     6         16        18        20        22        24        26        27        28        29        30        31        32        34        36        38        40        42        44        46        48        50        52        54        56        58        60        62        64        66        68
     7         17        20        21        23        25        27        29        30        31        32        33        34        36        37        39        41        43        45        47        49        51        53        55        57        59        61        63        65        67        69
     8         19        20        23        24        26        28        30        32        33        34        35        36        37        38        40        42        44        46        48        50        52        54        56        58        60        62        64        66        68        70
     9         21        22        23        25        27        29        31        33        35        36        37        38        39        40        41        43        45        47        49        51        53        55        57        59        61        63        65        67        69        71
    10         23        24        25        27        28        30        32        34        36        38        39        40        41        42        43        44        46        48        50        52        54        56        58        60        62        64        66        68        70        72
    11         25        26        27        28        29        31        33        35        37        39        41        42        43        44        45        46        47        49        51        53        55        57        59        61        63        65        67        69        71        73
    12         27        28        29        30        31        32        34        36        38        40        42        44        45        46        47        48        49        50        52        54        56        58        60        62        64        66        68        70        72        74
    13         29        30        31        32        33        34        35        37        39        41        43        45        47        48        49        50        51        52        53        55        57        59        61        63        65        67        69        71        73        75
    14         31        32        33        34        35        36        37        38        40        42        44        46        48        50        51        52        53        54        55        56        58        60        62        64        66        68        70        72        74        76
    15         33        34        35        36        37        38        39        40        41        43        45        47        49        51        53        54        55        56        57        58        59        61        63        65        67        69        71        73        75        77
    16         35        36        37        38        39        40        41        42        43        44        46        48        50        52        54        56        57        58        59        60        61        62        64        66        68        70        72        74        76        78
    17         37        38        39        40        41        42        43        44        45        46        47        49        51        53        55        57        59        60        61        62        63        64        66        67        69        71        73        75        77        79
    18         39        40        41        42        43        44        45        46        47        48        49        50        52        54        56        58        60        62        63        64        65        66        67        68        70        72        74        76        78        80
    19         41        42        43        44        45        46        47        48        49        50        51        52        53        56        57        59        61        63        65        66        67        68        69        70        71        73        75        77        79        81
    20         43        44        45        46        47        48        49        50        51        52        53        54        55        56        58        60        62        64        66        68        69        70        71        72        73        74        76        78        80        82
    21         45        46        47        48        49        50        51        52        53        54        55        56        57        58        59        61        63        65        67        69        71        72        73        74        75        76        77        79        81        83
    22         47        48        49        50        51        52        53        54        55        56        57        58        59        60        61        62        64        66        68        70        72        74        75        76        77        78        79        83        82        84
    23         49        50        51        52        53        54        55        56        57        58        59        60        61        62        63        64        65        67        69        71        73        75        77        78        79        80        81        82        84        85
    24         51        52        53        54        55        56        57        58        59        60        61        62        63        64        65        66        67        68        70        72        74        76        78        80        81        82        83        84        85        86
    25         53        54        55        56        57        58        59        60        61        62        63        64        65        66        67        68        69        70        71        73        75        77        79        81        83        84        85        86        87        88
    26         55        56        57        58        59        60        61        62        63        64        65        66        67        68        69        70        71        72        73        74        76        78        80        82        84        86        87        88        89        91
    27         57        58        59        60        61        62        63        64        65        66        67        68        69        70        71        72        73        74        75        76        77        79        81        83        85        87        89        90        91        92
    28         59        60        61        62        63        64        65        66        67        68        69        70        71        72        73        74        75        76        77        78        79        80        82        84        86        88        90        92        93        94
    29         61        62        63        64        65        66        67        68        69        70        71        72        73        74        75        76        77        78        79        80        81        82        83        85        87        89        91        93        95        96
    30         63        64        65        66        67        68        69        70        71        72        73        74        75        76        77        78        79        80        81        82        83        84        85        86        88        90        92        94        96        98

# n_failures
 l1\l2          1         2         3         4         5         6         7         8         9        10        11        12        13        14        15        16        17        18        19        20        21        22        23        24        25        26        27        28        29        30
     1          0         0         0         0         0         0         0         0         0         0         0         0         0         0         0         0         0         0         0         0         0         0         0         0         0         0         0         0         0         0
     2          0         0         0         0         0         0         0         0         0         0         0         0         0         0         0         0         0         0         0         0         0         0         0         0         0         0         0         0         0         0
     3          0         0         0         0         0         0         0         0         0         0         0         0         0         0         0         0         0         0         0         0         0         0         0         0         0         0         0         0         0         0
     4          0         0         0         0         0         0         0         0         0         0         0         0         0         0         0         0         0         0         0         0         0         0         0         0         0         0         0         0         0         0
     5          0         0         0         0         0         0         0         0         0         0         0         0         0         0         0         0         0         0         0         0         0         0         0         0         0         0         0         0         0         0
     6          0         0         0         0         0         0         0         0         0         0         0         0         0         0         0         0         0         0         0         0         0         0         0         0         0         0         0         0         0         0
     7          0         0         0         0         0         0         0         0         0         0         0         0         0         0         0         0         0         0         0         0         0         0         0         0         0         0         0         0         0         0
     8          0         0         0         0         0         0         0         0         0         0         0         0         0         0         0         0         0         0         0         0         0         0         0         0         0         0         0         0         0         0
     9          0         0         0         0         0         0         0         0         0         0         0         0         0         0         0         0         0         0         0         0         0         0         0         0         0         0         0         0         0         0
    10          0         0         0         0         0         0         0         0         0         0         0         0         0         0         0         0         0         0         0         0         0         0         0         0         0         0         0         0         0         0
    11          0         0         0         0         0         0         0         0         0         0         0         0         0         0         0         0         0         0         0         0         0         0         0         0         0         0         0         0         0         0
    12          0         0         0         0         0         0         0         0         0         0         0         0         0         0         0         0         0         0         0         0         0         0         0         0         0         0         0         0         0         0
    13          0         0         0         0         0         0         0         0         0         0         0         0         0         0         0         0         0         0         0         0         0         0         0         0         0         0         0         0         0         0
    14          0         0         0         0         0         0         0         0         0         0         0         0         0         0         0         0         0         0         0         0         0         0         0         0         0         0         0         0         0         0
    15          0         0         0         0         0         0         0         0         0         0         0         0         0         0         0         0         0         0         0         0         0         0         0         0         0         0         0         0         0         0
    16          0         0         0         0         0         0         0         0         0         0         0         0         0         0         0         0         0         0         0         0         0         0         0         0         0         0         0         0         0         0
    17          0         0         0         0         0         0         0         0         0         0         0         0         0         0         0         0         0         0         0         0         0         0         0         0         0         0         0         0         0         0
    18          0         0         0         0         0         0         0         0         0         0         0         0         0         0         0         0         0         0         0         0         0         0         0         0         0         0         0         0         0         0
    19          0         0         0         0         0         0         0         0         0         0         0         0         0         0         0         0         0         0         0         0         0         0         0         0         0         0         0         0         0         0
    20          0         0         0         0         0         0         0         0         0         0         0         0         0         0         0         0         0         0         0         0         0         0         0         0         0         0         0         0         0         0
    21          0         0         0         0         0         0         0         0         0         0         0         0         0         0         0         0         0         0         0         0         0         0         0         0         0         0         0         0         0         0
    22          0         0         0         0         0         0         0         0         0         0         0         0         0         0         0         0         0         0         0         0         0         0         0         0         0         0         0         0         0         0
    23          0         0         0         0         0         0         0         0         0         0         0         0         0         0         0         0         0         0         0         0         0         0         0         0         0         0         0         0         0         0
    24          0         0         0         0         0         0         0         0         0         0         0         0         0         0         0         0         0         0         0         0         0         0         0         0         0         0         0         0         0         0
    25          0         0         0         0         0         0         0         0         0         0         0         0         0         0         0         0         0         0         0         0         0         0         0         0         0         0         0         0         0         0
    26          0         0         0         0         0         0         0         0         0         0         0         0         0         0         0         0         0         0         0         0         0         0         0         0         0         0         0         0         0         0
    27          0         0         0         0         0         0         0         0         0         0         0         0         0         0         0         0         0         0         0         0         0         0         0         0         0         0         0         0         0         0
    28          0         0         0         0         0         0         0         0         0         0         0         0         0         0         0         0         0         0         0         0         0         0         0         0         0         0         0         0         0         0
    29          0         0         0         0         0         0         0         0         0         0         0         0         0         0         0         0         0         0         0         0         0         0         0         0         0         0         0         0         0         0
    30          0         0         0         0         0         0         0         0         0         0         0         0         0         0         0         0         0         0         0         0         0         0         0         0         0         0         0         0         0         0

