task_id: 40
generator: _gen_two_op_task('/')
samples_per_length: 200
seed: 0
grid: l1 (rows) x l2 (cols), both in [1, 30]

# avg_steps
 l1\l2          1         2         3         4         5         6         7         8         9        10        11        12        13        14        15        16        17        18        19        20        21        22        23        24        25        26        27        28        29        30
     1     191.69    300.68    300.76    243.96    240.54    252.05    287.25    300.39    332.83    373.06    388.19    400.96    425.71    440.34    466.01    491.55    534.12    533.04    551.50    581.85    615.57    646.71    676.36    683.32    716.84    731.77    756.07    790.17    818.52    826.96
     2     292.96    427.37    510.30    534.30    369.49    346.15    396.51    416.57    447.85    488.88    520.11    538.76    591.44    611.30    642.09    684.73    714.17    732.56    785.92    806.35    836.65    877.96    908.33    928.53    980.29   1000.55   1030.12   1070.76   1100.79   1122.89
     3     411.17    561.34    699.54    782.82    635.91    457.98    482.02    504.39    540.17    589.69    624.31    649.47    710.91    737.43    774.26    823.02    857.39    882.40    945.88    969.51   1005.12   1055.48   1090.01   1111.97   1173.96   1199.89   1234.40   1284.70   1322.39   1347.06
     4     489.72    701.37    918.12   1050.67    951.82    799.82    628.86    598.04    642.18    700.55    743.11    770.33    843.15    872.19    912.77    970.92   1013.81   1040.89   1112.25   1142.04   1184.10   1239.77   1282.06   1312.20   1383.62   1411.64   1453.12   1509.97   1550.50   1577.08
     5     588.41    822.15   1063.52   1302.07   1210.35   1080.56    999.78    757.92    738.49    804.95    854.86    885.26    963.72    996.59   1048.30   1112.81   1158.32   1192.38   1275.73   1310.40   1358.54   1422.35   1470.08   1502.12   1584.37   1615.57   1663.62   1726.75   1777.65   1809.81
     6     678.19    949.62   1300.98   1568.70   1516.61   1417.06   1331.78   1142.28    901.33    910.90    964.12    998.61   1090.29   1125.31   1184.42   1261.00   1313.63   1348.69   1438.96   1473.74   1530.69   1601.79   1653.64   1690.89   1782.15   1819.35   1873.62   1947.90   2003.46   2039.76
     7     777.65   1085.68   1522.58   1877.73   1822.08   1764.59   1691.95   1510.08   1320.65   1089.76   1083.61   1122.19   1220.82   1259.94   1319.99   1405.27   1465.49   1504.33   1608.21   1647.89   1706.91   1791.47   1847.77   1888.47   1992.47   2029.61   2088.96   2172.48   2233.17   2274.84
     8     867.53   1226.75   1684.50   2088.91   2107.45   2080.28   2023.21   1872.85   1726.38   1538.91   1260.70   1238.23   1352.17   1396.74   1461.69   1548.75   1619.11   1665.83   1771.40   1810.61   1882.76   1977.34   2037.06   2078.33   2190.15   2236.99   2303.96   2392.32   2462.91   2512.08
     9     945.25   1320.18   1866.98   2404.78   2356.66   2390.66   2401.09   2303.59   2185.34   2027.74   1771.26   1437.77   1479.77   1527.71   1601.54   1700.14   1769.94   1816.35   1935.61   1984.29   2058.36   2157.87   2226.52   2271.71   2398.11   2447.74   2522.70   2621.20   2698.54   2744.09
    10    1050.13   1470.22   2047.81   2545.25   2671.51   2675.11   2774.30   2705.91   2605.39   2451.89   2243.95   1983.35   1699.62   1667.18   1750.10   1852.30   1928.60   1981.61   2112.74   2164.97   2248.84   2354.29   2424.35   2471.16   2602.09   2657.33   2740.07   2842.03   2920.69   2973.35
    11    1130.77   1575.25   2204.91   2911.38   2910.30   3013.80   3178.68   3112.11   3047.42   2913.37   2687.53   2492.19   2256.49   1893.58   1884.28   1999.00   2083.32   2142.66   2285.50   2337.72   2427.50   2539.00   2617.68   2676.22   2814.38   2872.17   2955.49   3069.23   3156.02   3217.02
    12    1234.11   1704.73   2408.43   3108.06   3194.95   3347.68   3590.68   3458.57   3413.68   3440.84   3211.32   2982.26   2806.09   2488.91   2117.80   2146.22   2240.04   2301.10   2453.25   2518.34   2602.95   2726.56   2817.26   2870.79   3023.57   3085.14   3170.86   3291.33   3387.80   3456.03
    13    1316.54   1853.05   2670.99   3398.12   3422.34   3636.98   3913.15   3841.11   3911.66   3895.34   3747.09   3541.16   3372.93   2997.52   2759.53   2410.62   2402.81   2464.62   2623.02   2686.71   2785.15   2918.63   3015.60   3081.70   3241.70   3303.00   3395.89   3518.28   3618.27   3689.58
    14    1401.72   1994.86   2836.36   3700.72   3792.86   3991.26   4267.57   4230.84   4278.10   4336.91   4209.44   4082.83   3953.14   3685.30   3371.75   3089.45   2654.74   2625.19   2806.76   2871.96   2979.34   3117.51   3212.08   3279.72   3444.47   3512.84   3616.53   3755.78   3857.45   3922.09
    15    1535.53   2104.47   3054.73   3950.31   4120.41   4307.94   4665.73   4681.86   4760.20   4912.70   4780.38   4592.97   4539.52   4229.33   3924.38   3704.22   3377.69   2910.19   2972.73   3042.45   3155.07   3305.87   3407.90   3484.08   3675.64   3742.78   3843.49   3991.51   4096.98   4174.63
    16    1572.49   2264.49   3219.50   4185.45   4431.28   4633.69   5021.47   5017.82   5154.35   5255.04   5187.30   5078.81   5109.97   4819.26   4634.53   4395.59   4042.87   3665.74   3298.90   3223.64   3341.98   3509.45   3623.00   3685.36   3886.26   3960.25   4070.98   4229.33   4342.77   4406.91
    17    1682.80   2349.57   3340.53   4371.47   4696.95   4978.18   5317.24   5363.35   5525.74   5858.67   5755.06   5700.10   5772.64   5492.66   5262.66   5014.06   4701.92   4341.77   4013.20   3519.35   3536.50   3697.87   3827.36   3895.81   4090.36   4179.98   4305.53   4462.67   4590.73   4659.74
    18    1740.63   2441.11   3530.05   4825.05   5050.14   5272.18   5802.05   5832.85   5995.47   6325.85   6225.84   6202.92   6271.19   6003.22   5879.51   5789.86   5448.22   5050.73   4858.79   4312.70   3856.28   3892.43   4016.85   4094.76   4308.16   4403.21   4533.32   4699.85   4824.02   4902.77
    19    1887.70   2601.97   3767.97   4887.22   5177.33   5634.31   6105.73   6186.14   6366.27   6650.35   6678.57   6616.03   6868.77   6673.49   6452.77   6329.55   6100.53   5861.70   5630.07   5094.17   4670.85   4242.84   4229.00   4311.72   4532.47   4634.33   4756.12   4934.24   5064.81   5134.36
    20    1989.93   2716.74   3937.54   5240.22   5561.68   5914.56   6406.72   6452.94   6784.66   7179.30   7210.69   7237.66   7385.56   7248.69   7185.56   7065.17   6692.10   6457.65   6365.87   5941.60   5560.10   5086.73   4586.31   4523.19   4738.39   4840.43   4994.90   5183.97   5315.29   5397.77
    21    2052.79   2875.24   4152.46   5463.95   5916.15   6356.19   7022.88   7005.48   7419.66   7655.55   7579.19   7719.11   7995.85   7816.85   7795.68   7795.06   7650.26   7352.69   7143.30   6743.84   6330.82   5961.10   5438.14   4871.34   4981.72   5084.14   5230.46   5407.58   5558.95   5646.66
    22    2234.55   3015.64   4324.98   5764.56   6133.06   6684.72   7151.62   7270.26   7638.64   8034.90   8076.12   8220.24   8662.55   8591.42   8427.00   8511.17   8269.34   8002.11   8003.10   7548.46   7140.27   6931.89   6361.81   5737.16   5332.40   5303.75   5452.33   5648.52   5809.52   5895.99
    23    2248.22   3157.59   4543.70   6002.10   6277.14   6884.37   7562.56   7765.93   8184.10   8547.17   8717.92   8902.88   9298.06   9113.06   9108.95   9210.56   8894.88   8729.59   8602.49   8229.39   7992.56   7710.86   7244.66   6722.51   6303.69   5706.52   5680.83   5897.82   6049.48   6153.25
    24    2270.48   3257.63   4728.94   6304.31   6616.70   7204.14   7828.10   8028.02   8422.59   9065.54   9100.70   9360.69   9620.68   9500.98   9595.06   9704.96   9551.53   9526.69   9546.65   9162.08   8863.09   8610.58   8173.31   7708.93   7267.73   6625.74   6064.34   6121.52   6283.92   6391.71
    25    2424.41   3410.89   4859.38   6585.64   6991.94   7479.51   8171.40   8399.47   9074.61   9558.72   9711.07   9879.32  10289.93  10183.61  10280.30  10469.92  10268.10  10155.69  10218.90   9888.12   9646.49   9499.15   8946.99   8613.72   8358.14   7625.59   7099.42   6538.41   6556.99   6666.65
    26    2498.01   3502.74   5179.85   6820.90   7194.59   7935.70   8751.27   8882.14   9410.05   9953.94  10080.33  10335.90  10778.11  10755.44  10980.88  11179.91  11069.43  11004.64  11016.40  10684.67  10512.33  10452.31  10008.00   9608.03   9346.28   8696.88   8162.21   7585.40   6979.67   6918.59
    27    2541.18   3629.12   5304.49   7075.85   7465.57   8166.89   8958.28   9220.77   9776.07  10405.23  10517.48  10880.42  11392.31  11318.64  11673.95  11871.08  11609.19  11592.25  11817.90  11500.24  11372.90  11284.96  10952.58  10495.55  10054.97   9572.50   9165.83   8756.55   8084.66   7320.99
    28    2744.80   3804.53   5442.63   7347.68   7783.70   8521.07   9398.42   9611.16  10240.89  10872.61  11127.59  11417.76  12065.48  12025.94  12262.75  12579.27  12379.50  12451.64  12579.91  12247.14  12072.12  12043.44  11807.64  11473.56  11188.58  10589.83  10090.89   9752.91   9265.42   8545.73
    29    2828.65   3861.68   5631.64   7501.23   7963.63   8819.45   9816.31  10041.56  10604.09  11247.20  11547.67  11864.09  12534.33  12518.03  12868.32  13042.98  13068.24  13078.08  13177.64  13084.18  13113.23  13059.60  12840.91  12377.10  12046.51  11439.75  11125.95  10899.35  10274.31   9588.98
    30    2891.99   3978.52   5932.15   7825.86   8483.63   9206.29  10292.10  10474.01  11216.16  12025.26  12079.99  12442.63  13154.09  13228.47  13679.45  14027.67  13815.70  13699.06  14117.88  13889.83  13722.64  13797.16  13640.08  13174.90  13046.53  12584.63  12205.55  11875.85  11420.85  10838.64

# max_steps
 l1\l2          1         2         3         4         5         6         7         8         9        10        11        12        13        14        15        16        17        18        19        20        21        22        23        24        25        26        27        28        29        30
     1        501       559       512       501       268       284       326       342       366       400       424       440       482       498       522       556       580       596       638       654       678       712       736       752       794       810       834       868       892       908
     2        679       708       883       891       628       368       420       440       470       512       542       562       614       634       664       706       736       756       808       828       858       900       930       950      1002      1022      1052      1094      1124      1144
     3        901       981      1118      1215       924       779       514       536       576       626       662       686       748       772       808       858       894       918       980      1004      1040      1090      1126      1150      1208      1236      1272      1322      1356      1382
     4        964      1141      1490      1599      1488      1328       971       641       691       749       791       819       889       917       963      1011      1059      1091      1163      1187      1229      1287      1329      1361      1433      1461      1503      1561      1595      1623
     5       1150      1254      1735      1980      1930      1683      1532      1186       795       865       909       939      1023      1053      1113      1179      1217      1247      1325      1361      1411      1471      1527      1563      1641      1677      1731      1793      1837      1873
     6       1245      1479      1980      2268      2189      2082      2020      1712      1287       977      1031      1063      1169      1205      1253      1331      1385      1421      1511      1553      1603      1665      1713      1751      1847      1885      1945      2015      2071      2109
     7       1464      1622      2269      2832      2617      2601      2399      2187      1877      1532      1185      1213      1295      1341      1395      1499      1559      1579      1689      1715      1779      1863      1931      1971      2077      2125      2171      2265      2321      2363
     8       1626      1837      2726      3033      3121      3039      3014      2908      2606      2248      1654      1333      1441      1481      1545      1645      1701      1761      1881      1915      1981      2079      2153      2183      2307      2355      2389      2481      2557      2615
     9       1788      2020      2873      3586      3365      3723      3685      3313      3187      2873      2359      1931      1571      1619      1705      1813      1899      1937      2067      2087      2169      2299      2359      2371      2495      2567      2635      2741      2799      2839
    10       1700      2065      3068      3924      3601      3863      4464      3947      3658      3654      3112      2552      2120      1791      1867      1977      2043      2085      2235      2297      2361      2485      2565      2601      2725      2787      2873      2963      3037      3093
    11       1714      2240      3313      4299      4232      4368      4301      4323      4305      4061      3688      3476      3081      2501      2013      2149      2219      2285      2447      2513      2555      2705      2781      2843      2935      3019      3119      3229      3301      3359
    12       1905      2593      3460      4516      4558      4380      5209      5053      4710      4681      4399      4144      3758      3259      2721      2297      2405      2475      2633      2649      2767      2893      2973      3037      3181      3239      3309      3437      3537      3615
    13       2177      2644      4305      5055      4603      5123      5291      5384      5253      5343      5178      5102      4513      4304      3678      3060      2559      2683      2849      2857      2945      3103      3201      3253      3415      3485      3551      3719      3803      3877
    14       2226      3221      3920      5252      5145      5975      5564      5583      5959      5975      6003      5596      5734      5079      4536      4028      3199      2843      3047      3119      3159      3299      3449      3509      3647      3717      3839      3995      4045      4117
    15       2366      2910      4520      5205      5925      6135      6233      6160      6865      7195      6806      6473      6387      5765      5504      4867      4395      3776      3163      3237      3341      3493      3651      3681      3863      3931      4033      4217      4339      4357
    16       2482      3193      5172      5942      5944      6755      6923      6808      7671      6731      6800      6907      7098      6271      6015      6156      5498      4841      4196      3489      3559      3699      3807      3983      4133      4207      4329      4513      4629      4643
    17       2717      3380      4703      6036      6216      6500      7675      7521      7667      8270      8082      7955      7859      7216      7373      6805      6157      5393      4974      4095      3801      3971      4079      4123      4317      4365      4513      4693      4825      4935
    18       2680      3435      5162      6396      6982      7125      7883      8299      7870      8468      8561      8607      8757      8201      8044      7738      7222      6669      6184      5754      4806      4143      4285      4327      4569      4673      4833      5001      5123      5205
    19       3033      3556      5466      6665      7083      7534      8335      9153      8776      8500      8560      8570      9271      9292      8754      8712      8089      7403      7135      6726      5898      5208      4495      4557      4817      4933      5023      5219      5361      5397
    20       2930      3757      5257      7209      7674      7819      8968      8671      9210      9215      9872      9745      9819      9922      9363      9771      9118      8781      8568      7747      6861      5973      5636      4849      5091      5139      5271      5497      5607      5697
    21       3352      3898      5944      6876      7982      8641      9452      9155      9753     10321     10668     11116     11202     10478     10301     10648     10271      9895      9599      8839      8127      7231      6644      5969      5281      5419      5581      5773      5927      5967
    22       3246      4069      6698      7608      8136      9121      9789      9735     10172     10235     10825     10649     12015     11816     11627     11072     10638     10273      9945     10412      9684      8495      8209      7131      6471      5627      5751      5949      6231      6295
    23       3404      4118      6412      8113      8588      9106      9737     11051     11174     11128     12400     13291     12978     12904     11723     11627     11228     12118     11582     10705     10229     10126      9112      8265      7755      6704      5997      6225      6403      6533
    24       3287      4185      6491      8371      8896      9328     10198     10194     11486     12893     12305     13022     12980     13671     12474     12293     12376     11972     12364     11904     11672     10895     10377      9793      8879      7956      7123      6501      6603      6753
    25       3493      4776      7019      8995      9316     10082     11002     11124     11445     12866     12555     12888     12968     14315     13788     13908     13677     14368     13368     13050     12882     12082     11486     11006     10488      9357      8243      7966      6929      7081
    26       3727      4691      7235      9158      9048     11049     11889     11326     13162     13430     13335     13142     13777     13819     13630     14688     14683     14345     14010     14595     13884     13562     12740     12069     11902     10845      9732      9246      8499      7363
    27       3669      4770      6965      9099      9976     10425     11423     12354     13390     14355     14048     14051     15903     14939     15446     16182     15900     15406     15084     14747     14812     15054     14069     13325     12801     12028     11240     10805      9599      8345
    28       3957      5033      7933      9942     10099     11078     11916     12353     13420     14559     14163     14554     15430     15706     16438     16655     15698     16573     16392     16264     15664     15836     15168     15336     14556     13607     12814     12359     11382      9802
    29       4053      5210      7584     10044     10203     11115     12516     12415     14647     15165     14717     15907     16762     16168     17155     17315     16276     16779     16368     16627     16489     16592     17220     16376     15994     14706     13971     14133     13269     11923
    30       4164      5395      8264     10229     10695     11693     13823     13299     15313     15256     15471     15876     16541     16553     17379     17910     17817     17336     17498     17237     17597     18864     18208     16480     16615     15970     16057     15875     15629     14144

# visible_avg
 l1\l2          1         2         3         4         5         6         7         8         9        10        11        12        13        14        15        16        17        18        19        20        21        22        23        24        25        26        27        28        29        30
     1       6.97      8.28      9.01      9.11      9.97     10.90     11.48     12.35     13.20     13.90     14.69     15.50     16.18     16.97     17.77     18.48     19.28     20.05     20.77     21.54     22.32     23.07     23.84     24.58     25.35     26.08     26.85     27.61     28.38     29.10
     2       7.24      8.54      9.39      9.76     10.49     11.32     11.88     12.74     13.54     14.20     14.99     15.81     16.48     17.27     18.04     18.75     19.52     20.30     21.02     21.78     22.55     23.28     24.04     24.79     25.55     26.29     27.05     27.81     28.56     29.28
     3       7.34      8.67      9.50      9.93     11.01     11.74     12.20     13.05     13.84     14.49     15.28     16.08     16.73     17.51     18.28     18.99     19.76     20.52     21.24     21.99     22.76     23.48     24.25     25.00     25.76     26.49     27.25     28.00     28.74     29.47
     4       7.41      8.73      9.54     10.04     11.25     12.24     12.52     13.29     14.05     14.68     15.45     16.25     16.89     17.66     18.43     19.12     19.88     20.64     21.35     22.10     22.86     23.59     24.35     25.08     25.83     26.56     27.32     28.06     28.82     29.56
     5       7.48      8.82      9.60     10.12     11.43     12.48     13.09     13.69     14.36     14.97     15.72     16.51     17.15     17.92     18.67     19.35     20.11     20.87     21.57     22.31     23.07     23.78     24.54     25.28     26.02     26.76     27.51     28.25     28.99     29.72
     6       7.56      8.84      9.64     10.20     11.51     12.63     13.36     14.28     14.77     15.27     16.01     16.80     17.41     18.18     18.92     19.59     20.34     21.10     21.79     22.54     23.28     24.00     24.75     25.49     26.23     26.96     27.71     28.44     29.19     29.91
     7       7.62      8.93      9.67     10.25     11.60     12.73     13.53     14.58     15.32     15.61     16.26     17.04     17.63     18.40     19.15     19.80     20.55     21.30     21.98     22.72     23.47     24.17     24.92     25.66     26.38     27.12     27.87     28.59     29.33     30.06
     8       7.69      8.98      9.71     10.27     11.66     12.81     13.64     14.77     15.64     16.20     16.63     17.32     17.89     18.65     19.39     20.04     20.77     21.52     22.20     22.95     23.68     24.37     25.13     25.87     26.59     27.31     28.05     28.78     29.51     30.23
     9       7.75      9.02      9.75     10.30     11.69     12.87     13.74     14.95     15.88     16.55     17.28     17.69     18.15     18.91     19.64     20.28     21.02     21.77     22.43     23.16     23.90     24.59     25.34     26.07     26.78     27.51     28.25     28.96     29.70     30.42
    10       7.81      9.08      9.79     10.35     11.76     12.92     13.82     15.04     16.00     16.76     17.63     18.32     18.49     19.15     19.87     20.51     21.23     21.97     22.62     23.36     24.09     24.78     25.52     26.26     26.96     27.68     28.42     29.15     29.88     30.60
    11       7.88      9.13      9.84     10.35     11.75     12.95     13.87     15.14     16.11     16.91     17.87     18.70     19.11     19.51     20.13     20.74     21.47     22.21     22.84     23.58     24.30     24.98     25.72     26.45     27.16     27.88     28.62     29.32     30.05     30.77
    12       7.92      9.16      9.86     10.40     11.79     12.99     13.91     15.18     16.18     17.03     18.04     18.91     19.49     20.18     20.48     21.00     21.71     22.45     23.07     23.80     24.54     25.20     25.93     26.67     27.36     28.08     28.82     29.53     30.26     30.97
    13       8.00      9.19      9.89     10.41     11.83     13.03     13.96     15.22     16.25     17.12     18.18     19.12     19.77     20.53     21.12     21.32     21.93     22.67     23.29     24.02     24.74     25.41     26.12     26.85     27.53     28.26     29.00     29.70     30.43     31.14
    14       8.05      9.24      9.92     10.45     11.87     13.05     13.98     15.28     16.32     17.21     18.29     19.25     19.95     20.86     21.56     22.01     22.28     22.93     23.52     24.24     24.96     25.62     26.35     27.07     27.75     28.47     29.19     29.89     30.62     31.34
    15       8.08      9.27      9.93     10.51     11.92     13.08     14.03     15.33     16.36     17.28     18.38     19.35     20.11     21.07     21.82     22.42     22.98     23.26     23.74     24.48     25.19     25.84     26.56     27.28     27.94     28.66     29.39     30.09     30.82     31.52
    16       8.18      9.32      9.98     10.52     11.94     13.11     14.05     15.35     16.41     17.35     18.45     19.43     20.24     21.23     22.07     22.74     23.41     23.95     24.10     24.70     25.40     26.05     26.76     27.48     28.14     28.86     29.58     30.27     30.99     31.71
    17       8.23      9.39     10.02     10.53     11.97     13.13     14.07     15.38     16.44     17.37     18.51     19.51     20.31     21.36     22.25     22.94     23.71     24.40     24.75     25.03     25.63     26.27     26.98     27.70     28.35     29.07     29.78     30.46     31.18     31.90
    18       8.30      9.41     10.05     10.56     11.95     13.14     14.10     15.42     16.48     17.41     18.57     19.60     20.43     21.47     22.38     23.15     24.00     24.72     25.25     25.72     25.98     26.49     27.19     27.91     28.56     29.27     29.99     30.66     31.38     32.10
    19       8.34      9.48     10.06     10.58     12.00     13.19     14.15     15.46     16.51     17.43     18.58     19.63     20.49     21.59     22.49     23.28     24.19     25.01     25.60     26.21     26.64     26.82     27.40     28.12     28.77     29.47     30.19     30.86     31.58     32.30
    20       8.38      9.49     10.10     10.60     12.01     13.20     14.16     15.46     16.54     17.47     18.64     19.68     20.54     21.65     22.60     23.41     24.30     25.17     25.85     26.62     27.20     27.51     27.74     28.34     28.98     29.69     30.40     31.06     31.77     32.49
    21       8.45      9.53     10.13     10.61     12.07     13.23     14.18     15.50     16.58     17.51     18.66     19.72     20.61     21.70     22.65     23.51     24.49     25.37     26.08     26.90     27.55     28.04     28.45     28.68     29.18     29.89     30.60     31.27     31.97     32.69
    22       8.45      9.58     10.17     10.62     12.05     13.24     14.21     15.53     16.59     17.54     18.73     19.77     20.66     21.80     22.74     23.59     24.59     25.49     26.23     27.10     27.82     28.45     28.98     29.36     29.51     30.10     30.81     31.47     32.18     32.89
    23       8.56      9.61     10.18     10.68     12.08     13.26     14.22     15.52     16.61     17.56     18.73     19.80     20.71     21.84     22.81     23.69     24.68     25.62     26.36     27.27     28.05     28.71     29.38     29.93     30.22     30.46     31.03     31.67     32.38     33.08
    24       8.64      9.66     10.20     10.68     12.09     13.27     14.24     15.56     16.63     17.58     18.78     19.83     20.73     21.89     22.84     23.73     24.79     25.73     26.51     27.46     28.27     28.96     29.70     30.35     30.76     31.16     31.36     31.90     32.59     33.30
    25       8.69      9.73     10.25     10.70     12.12     13.29     14.24     15.57     16.66     17.63     18.82     19.85     20.75     21.91     22.89     23.78     24.84     25.80     26.59     27.58     28.43     29.17     29.92     30.67     31.23     31.69     32.09     32.21     32.79     33.50
    26       8.75      9.74     10.24     10.72     12.13     13.32     14.28     15.62     16.67     17.60     18.83     19.89     20.80     21.96     22.96     23.85     24.91     25.87     26.68     27.68     28.55     29.34     30.17     30.93     31.53     32.17     32.67     32.93     33.11     33.69
    27       8.85      9.80     10.29     10.74     12.15     13.33     14.27     15.59     16.69     17.65     18.85     19.92     20.84     21.99     22.99     23.89     24.94     25.92     26.77     27.79     28.67     29.45     30.34     31.14     31.74     32.46     33.06     33.52     33.87     34.02
    28       8.82      9.82     10.34     10.77     12.20     13.35     14.31     15.62     16.72     17.68     18.87     19.93     20.84     22.00     23.02     23.95     25.01     26.00     26.84     27.85     28.77     29.57     30.48     31.33     32.00     32.78     33.41     33.94     34.47     34.84
    29       8.89      9.87     10.37     10.78     12.21     13.38     14.32     15.66     16.74     17.67     18.88     19.96     20.86     22.05     23.07     23.96     25.05     26.05     26.90     27.94     28.88     29.71     30.65     31.49     32.17     32.96     33.69     34.31     34.88     35.35
    30       8.94      9.92     10.36     10.81     12.21     13.38     14.36     15.68     16.74     17.69     18.92     20.00     20.89     22.08     23.11     24.01     25.08     26.08     26.95     28.02     28.93     29.76     30.73     31.60     32.34     33.20     33.94     34.58     35.27     35.86

# visible_max
 l1\l2          1         2         3         4         5         6         7         8         9        10        11        12        13        14        15        16        17        18        19        20        21        22        23        24        25        26        27        28        29        30
     1         20        22        27        29        31        33        35        37        39        41        43        45        47        49        51        53        55        57        59        61        63        65        67        69        71        73        75        77        79        81
     2         20        22        27        32        34        36        38        40        42        44        46        48        50        52        54        56        58        60        62        64        66        68        70        72        74        76        78        80        82        84
     3         20        22        27        32        37        39        41        43        45        47        49        51        53        55        57        59        61        63        65        67        69        71        73        75        77        79        81        83        85        87
     4         21        23        27        32        37        42        44        46        48        50        52        54        56        58        60        62        64        66        68        70        72        74        76        78        80        82        84        86        88        90
     5         23        25        27        32        37        42        47        49        51        53        55        57        59        61        63        65        67        69        71        73        75        77        79        81        83        85        87        89        91        93
     6         25        27        29        32        37        42        47        52        54        56        58        60        62        64        66        68        70        72        74        76        78        80        82        84        86        88        90        92        94        96
     7         27        29        31        34        37        42        47        52        57        59        61        63        65        67        69        71        73        75        77        79        81        83        85        87        89        91        93        95        97        99
     8         29        31        33        36        39        42        47        52        57        62        64        66        68        70        72        74        76        78        80        82        84        86        88        90        92        94        96        98       100       102
     9         31        33        35        38        41        44        47        52        57        62        67        69        71        73        75        77        79        81        83        85        87        89        91        93        95        97        99       101       103       105
    10         33        35        37        40        43        46        49        52        57        62        67        72        74        76        78        80        82        84        86        88        90        92        94        96        98       100       102       104       106       108
    11         35        37        39        42        45        48        51        54        57        62        67        72        77        79        81        83        85        87        89        91        93        95        97        99       101       103       105       107       109       111
    12         37        39        41        44        47        50        53        56        59        62        67        72        77        82        84        86        88        90        92        94        96        98       100       102       104       106       108       110       112       114
    13         39        41        43        46        49        52        55        58        61        64        67        72        77        82        87        89        91        93        95        97        99       101       103       105       107       109       111       113       115       117
    14         41        43        45        48        51        54        57        60        63        66        69        72        77        82        87        92        94        96        98       100       102       104       106       108       110       112       114       116       118       120
    15         43        45        47        50        53        56        59        62        65        68        71        74        77        82        87        92        97        99       101       103       105       107       109       111       113       115       117       119       121       123
    16         45        47        49        52        55        58        61        64        67        70        73        76        79        82        87        92        97       102       104       106       108       110       112       114       116       118       120       122       124       126
    17         47        49        51        54        57        60        63        66        69        72        75        78        81        84        87        92        97       102       107       109       111       113       115       117       119       121       123       125       127       129
    18         49        51        53        56        59        62        65        68        71        74        77        80        83        86        89        92        97       102       107       112       114       116       118       120       122       124       126       128       130       132
    19         51        53        55        58        61        64        67        70        73        76        79        82        85        88        91        94        97       102       107       112       117       119       121       123       125       127       129       131       133       135
    20         53        55        57        60        63        66        69        72        75        78        81        84        87        90        93        96        99       102       107       112       117       122       124       126       128       130       132       134       136       138
    21         55        57        59        62        65        68        71        74        77        80        83        86        89        92        95        98       101       104       107       112       117       122       127       129       131       133       135       137       139       141
    22         57        59        61        64        67        70        73        76        79        82        85        88        91        94        97       100       103       106       109       112       117       122       127       132       134       136       138       140       142       144
    23         59        61        63        66        69        72        75        78        81        84        87        90        93        96        99       102       105       108       111       114       117       122       127       132       137       139       141       143       145       147
    24         61        63        65        68        71        74        77        80        83        86        89        92        95        98       101       104       107       110       113       116       119       122       127       132       137       142       144       146       148       150
    25         63        65        67        70        73        76        79        82        85        88        91        94        97       100       103       106       109       112       115       118       121       124       127       132       137       142       147       149       151       153
    26         65        67        69        72        75        78        81        84        87        90        93        96        99       102       105       108       111       114       117       120       123       126       129       132       137       142       147       152       154       156
    27         67        69        71        74        77        80        83        86        89        92        95        98       101       104       107       110       113       116       119       122       125       128       131       134       137       142       147       152       157       159
    28         69        71        73        76        79        82        85        88        91        94        97       100       103       106       109       112       115       118       121       124       127       130       133       136       139       142       147       152       157       162
    29         71        73        75        78        81        84        87        90        93        96        99       102       105       108       111       114       117       120       123       126       129       132       135       138       141       144       147       152       157       162
    30         73        75        77        80        83        86        89        92        95        98       101       104       107       110       113       116       119       122       125       128       131       134       137       140       143       146       149       152       157       162

# total_avg
 l1\l2          1         2         3         4         5         6         7         8         9        10        11        12        13        14        15        16        17        18        19        20        21        22        23        24        25        26        27        28        29        30
     1      18.19     26.16     31.54     31.50     34.78     38.12     41.40     44.74     48.96     52.13     55.73     59.04     62.04     65.37     69.28     72.03     76.29     79.28     82.19     85.85     89.89     92.77     96.70     99.86    103.11    106.41    110.25    113.17    117.06    120.25
     2      22.65     29.39     35.82     39.11     40.59     43.36     47.00     50.61     54.74     57.88     61.94     65.52     69.14     72.69     76.73     79.86     83.86     87.41     91.01     94.54     98.55    101.67    105.66    109.19    112.79    116.29    120.30    123.41    127.39    130.90
     3      25.79     32.55     38.51     42.43     46.69     48.17     51.32     55.03     59.28     62.60     66.77     70.50     74.27     77.99     82.17     85.44     89.58     93.26     97.02    100.68    104.84    108.10    112.24    115.89    119.63    123.29    127.43    130.68    134.81    138.46
     4      28.15     35.30     41.93     45.39     50.38     54.73     56.04     59.04     63.44     66.89     71.20     75.00     78.91     82.71     86.98     90.37     94.63     98.40    102.27    106.03    110.28    113.65    117.89    121.65    125.49    129.25    133.49    136.84    141.08    144.83
     5      30.86     38.12     44.90     49.20     53.68     58.43     62.50     64.07     67.69     71.19     75.61     79.49     83.43     87.31     91.72     95.17     99.48    103.37    107.32    111.17    115.51    118.95    123.25    127.10    131.02    134.83    139.16    142.60    146.90    150.73
     6      33.47     40.74     48.01     52.58     57.82     61.92     66.29     70.27     72.46     75.39     79.84     83.78     87.83     91.74     96.23     99.78    104.16    108.07    112.06    115.97    120.37    123.88    128.24    132.15    136.14    140.03    144.40    147.91    152.27    156.16
     7      35.99     43.45     50.97     55.83     61.32     66.36     69.87     74.31     78.56     80.02     83.94     87.93     91.99     95.98    100.45    104.06    108.52    112.48    116.55    120.50    124.94    128.51    132.92    136.87    140.92    144.84    149.27    152.82    157.24    161.17
     8      38.59     46.08     53.64     58.70     64.67     70.09     74.41     77.92     82.66     86.11     88.47     92.01     96.16    100.20    104.72    108.32    112.85    116.88    120.94    124.90    129.42    133.05    137.48    141.46    145.54    149.52    154.00    157.59    162.05    166.03
     9      40.92     48.56     56.30     61.51     67.82     73.74     78.46     82.79     86.59     90.41     94.56     96.61    100.22    104.28    108.87    112.53    117.04    121.08    125.21    129.22    133.76    137.41    141.90    145.91    150.05    154.08    158.57    162.20    166.70    170.70
    10      43.66     51.12     58.92     64.25     70.78     76.89     82.11     87.16     91.74     94.20     98.63    102.68    104.70    108.28    112.92    116.60    121.13    125.20    129.37    133.42    138.01    141.69    146.18    150.20    154.34    158.40    162.94    166.60    171.11    175.15
    11      45.93     53.66     61.46     66.89     73.40     80.00     85.56     90.91     95.87     99.50    102.61    106.90    110.46    112.78    116.88    120.58    125.20    129.34    133.52    137.58    142.18    145.87    150.41    154.50    158.66    162.72    167.28    170.96    175.51    179.57
    12      48.63     56.26     64.13     69.74     76.33     83.02     88.80     94.41     99.85    104.21    108.19    110.84    114.71    118.58    121.28    124.57    129.24    133.36    137.57    141.71    146.30    150.01    154.60    158.67    162.88    166.96    171.52    175.23    179.83    183.92
    13      51.01     58.69     66.68     72.29     78.96     85.76     91.89     97.65    103.56    108.31    112.87    116.71    118.85    122.57    127.03    129.02    133.16    137.30    141.52    145.66    150.30    154.05    158.65    162.78    166.99    171.07    175.67    179.37    183.97    188.09
    14      53.51     61.28     69.29     75.04     81.92     88.56     94.86    101.11    107.03    112.15    117.24    121.39    124.77    127.14    131.32    134.72    137.49    141.31    145.61    149.72    154.38    158.16    162.76    166.88    171.07    175.19    179.81    183.56    188.17    192.27
    15      56.18     63.71     72.02     77.92     84.71     91.65     97.71    104.16    110.48    115.92    121.27    125.70    129.61    133.19    135.43    138.97    143.18    145.68    149.50    153.66    158.36    162.14    166.76    170.93    175.20    179.31    183.93    187.69    192.31    196.45
    16      58.69     66.24     74.34     80.28     87.26     94.17    100.47    106.97    113.51    118.94    124.58    130.00    134.24    138.22    141.64    143.29    147.36    151.30    153.90    157.56    162.26    166.12    170.78    174.87    179.17    183.32    187.96    191.73    196.36    200.47
    17      60.97     68.81     76.94     82.79     90.11     97.01    103.30    109.85    116.52    122.06    128.03    133.99    138.56    143.06    147.18    149.71    151.73    155.59    159.22    161.87    166.25    170.05    174.80    178.91    183.14    187.34    192.03    195.78    200.46    204.58
    18      63.43     71.10     79.35     85.57     92.42     99.52    106.22    112.71    119.64    125.27    131.38    137.05    142.32    146.99    151.94    154.99    157.81    159.99    163.64    167.33    170.58    173.97    178.66    182.82    187.11    191.34    196.05    199.81    204.45    208.63
    19      65.88     73.84     82.02     87.95     95.07    102.31    108.89    115.60    122.22    128.11    134.57    140.43    145.92    151.27    156.05    160.05    163.77    166.76    168.09    171.62    175.80    178.30    182.59    186.77    191.07    195.29    199.95    203.75    208.43    212.55
    20      68.59     76.27     84.56     90.53     97.61    104.93    111.49    118.15    125.09    131.15    137.56    143.70    149.16    154.88    160.57    164.50    168.37    172.59    175.12    176.23    180.35    183.61    186.90    190.70    194.95    199.20    203.98    207.77    212.43    216.58
    21      71.01     78.87     87.02     93.06    100.50    107.87    114.35    120.93    128.19    134.13    140.37    146.78    152.54    158.34    164.06    168.81    173.44    177.67    180.91    183.27    184.82    187.94    192.06    194.91    198.94    203.19    207.93    211.68    216.40    220.57
    22      73.79     81.27     89.52     95.61    102.89    110.24    116.71    123.63    130.68    136.77    143.50    150.08    156.32    161.97    167.59    172.54    177.54    182.06    186.05    188.89    191.47    192.47    196.36    200.08    203.10    207.02    211.77    215.59    220.32    224.49
    23      75.92     83.80     92.04     98.31    105.46    112.73    119.49    126.27    133.65    139.82    146.40    153.10    159.01    164.99    171.17    176.15    181.39    186.57    190.24    194.08    198.04    199.65    200.87    204.61    208.37    211.35    215.68    219.50    224.20    228.43
    24      78.47     86.39     94.67    100.75    108.07    115.23    122.04    129.09    136.25    142.49    149.29    156.05    162.04    168.15    174.31    179.79    185.26    190.72    195.46    199.28    203.19    206.01    208.42    209.20    212.60    216.39    219.88    223.41    228.12    232.33
    25      81.01     88.96     96.98    103.26    110.58    117.78    124.51    131.60    139.06    145.35    152.18    158.79    164.93    171.29    177.69    182.90    188.66    194.17    199.10    203.49    207.83    211.10    214.12    216.37    217.33    220.62    224.98    227.56    232.07    236.29
    26      83.26     91.33     99.75    105.79    113.09    120.59    127.37    134.45    141.50    148.04    154.83    161.75    167.74    174.25    180.86    186.18    192.32    198.00    202.82    207.77    213.31    216.60    220.02    223.21    224.77    225.42    229.42    232.68    236.18    240.15
    27      85.79     93.81    102.33    108.48    115.59    123.05    129.79    136.84    144.29    150.70    157.46    164.56    170.83    177.24    183.99    189.70    195.46    201.40    206.41    211.67    217.16    221.30    225.55    228.70    230.98    232.91    233.97    237.12    241.27    244.26
    28      88.66     96.43    104.65    111.00    118.25    125.65    132.63    139.54    146.89    153.46    160.33    167.27    173.55    180.13    186.85    192.60    198.73    204.97    210.24    215.55    221.03    225.56    229.87    233.84    236.83    239.51    241.35    241.58    245.66    249.52
    29      90.95     98.94    107.12    113.30    120.64    128.21    135.19    142.15    149.57    155.80    163.07    169.98    176.34    182.96    189.85    195.33    201.89    208.09    213.42    219.08    224.59    229.81    234.83    238.84    242.54    245.41    248.26    249.67    250.29    253.69
    30      93.47    101.42    109.72    116.01    123.37    130.78    137.85    144.78    152.15    158.87    165.92    172.88    179.32    185.91    193.03    198.85    204.87    211.21    217.00    222.63    228.35    233.17    238.49    242.82    247.07    250.86    254.01    256.21    257.70    258.68

# total_max
 l1\l2          1         2         3         4         5         6         7         8         9        10        11        12        13        14        15        16        17        18        19        20        21        22        23        24        25        26        27        28        29        30
     1         38        41        47        52        57        62        67        72        77        82        87        92        97       102       107       112       117       122       127       132       137       142       147       152       157       162       167       172       177       182
     2         40        43        49        57        62        67        72        77        82        88        94       100       106       112       118       124       130       136       142       148       154       160       166       172       178       184       190       196       202       208
     3         42        45        52        59        67        72        77        82        88        94       100       106       112       118       124       130       136       142       148       154       160       166       172       178       184       190       196       202       208       214
     4         44        48        58        64        70        77        82        88        94       100       106       112       118       124       130       136       142       148       154       160       166       172       178       184       190       196       202       208       214       220
     5         46        51        61        70        76        82        88        94       100       106       112       118       124       130       136       142       148       154       160       166       172       178       184       190       196       202       208       214       220       226
     6         48        54        64        73        82        88        94       100       106       112       118       124       130       136       142       148       154       160       166       172       178       184       190       196       202       208       214       220       226       232
     7         50        57        67        76        85        94       100       106       112       118       124       130       136       142       148       154       160       166       172       178       184       190       196       202       208       214       220       226       232       238
     8         52        60        70        79        88        97       106       112       118       124       130       136       142       148       154       160       166       172       178       184       190       196       202       208       214       220       226       232       238       244
     9         55        63        73        82        91       100       109       118       124       130       136       142       148       154       160       166       172       178       184       190       196       202       208       214       220       226       232       238       244       250
    10         58        66        76        85        94       103       112       121       130       136       142       148       154       160       166       172       178       184       190       196       202       208       214       220       226       232       238       244       250       256
    11         61        69        79        88        97       106       115       124       133       142       148       154       160       166       172       178       184       190       196       202       208       214       220       226       232       238       244       250       256       262
    12         64        72        82        91       100       109       118       127       136       145       154       160       166       172       178       184       190       196       202       208       214       220       226       232       238       244       250       256       262       268
    13         67        75        85        94       103       112       121       130       139       148       157       166       172       178       184       190       196       202       208       214       220       226       232       238       244       250       256       262       268       274
    14         70        78        88        97       106       115       124       133       142       151       160       169       178       184       190       196       202       208       214       220       226       232       238       244       250       256       262       268       274       280
    15         73        81        91       100       109       118       127       136       145       154       163       172       181       190       196       202       208       214       220       226       232       238       244       250       256       262       268       274       280       286
    16         76        84        94       103       112       121       130       139       148       157       166       175       184       193       202       208       214       220       226       232       238       244       250       256       262       268       274       280       286       292
    17         79        87        97       106       115       124       133       142       151       160       169       178       187       196       205       214       220       226       232       238       244       250       256       262       268       274       280       286       292       298
    18         82        90       100       109       118       127       136       145       154       163       172       181       190       199       208       217       226       232       238       244       250       256       262       268       274       280       286       292       298       304
    19         85        93       103       112       121       130       139       148       157       166       175       184       193       202       211       220       229       238       244       250       256       262       268       274       280       286       292       298       304       310
    20         88        96       106       115       124       133       142       151       160       169       178       187       196       205       214       223       232       241       250       256       262       268       274       280       286       292       298       304       310       316
    21         91        99       109       118       127       136       145       154       163       172       181       190       199       208       217       226       235       244       253       262       268       274       280       286       292       298       304       310       316       322
    22         94       102       112       121       130       139       148       157       166       175       184       193       202       211       220       229       238       247       256       265       274       280       286       292       298       304       310       316       322       328
    23         97       105       115       124       133       142       151       160       169       178       187       196       205       214       223       232       241       250       259       268       277       286       292       298       304       310       316       322       328       334
    24        100       108       118       127       136       145       154       163       172       181       190       199       208       217       226       235       244       253       262       271       280       289       298       304       310       316       322       328       334       340
    25        103       111       121       130       139       148       157       166       175       184       193       202       211       220       229       238       247       256       265       274       283       292       301       310       316       322       328       334       340       346
    26        106       114       124       133       142       151       160       169       178       187       196       205       214       223       232       241       250       259       268       277       286       295       304       313       322       328       334       340       346       352
    27        109       117       127       136       145       154       163       172       181       190       199       208       217       226       235       244       253       262       271       280       289       298       307       316       325       334       340       346       352       358
    28        112       120       130       139       148       157       166       175       184       193       202       211       220       229       238       247       256       265       274       283       292       301       310       319       328       337       346       352       358       364
    29        115       123       133       142       151       160       169       178       187       196       205       214       223       232       241       250       259       268       277       286       295       304       313       322       331       340       349       358       364       370
    30        118       126       136       145       154       163       172       181       190       199       208       217       226       235       244       253       262       271       280       289       298       307       316       325       334       343       352       361       370       376

# n_failures
 l1\l2          1         2         3         4         5         6         7         8         9        10        11        12        13        14        15        16        17        18        19        20        21        22        23        24        25        26        27        28        29        30
     1          0         0         0         0         0         0         0         0         0         0         0         0         0         0         0         0         0         0         0         0         0         0         0         0         0         0         0         0         0         0
     2          0         0         0         0         0         0         0         0         0         0         0         0         0         0         0         0         0         0         0         0         0         0         0         0         0         0         0         0         0         0
     3          0         0         0         0         0         0         0         0         0         0         0         0         0         0         0         0         0         0         0         0         0         0         0         0         0         0         0         0         0         0
     4          0         0         0         0         0         0         0         0         0         0         0         0         0         0         0         0         0         0         0         0         0         0         0         0         0         0         0         0         0         0
     5          0         0         0         0         0         0         0         0         0         0         0         0         0         0         0         0         0         0         0         0         0         0         0         0         0         0         0         0         0         0
     6          0         0         0         0         0         0         0         0         0         0         0         0         0         0         0         0         0         0         0         0         0         0         0         0         0         0         0         0         0         0
     7          0         0         0         0         0         0         0         0         0         0         0         0         0         0         0         0         0         0         0         0         0         0         0         0         0         0         0         0         0         0
     8          0         0         0         0         0         0         0         0         0         0         0         0         0         0         0         0         0         0         0         0         0         0         0         0         0         0         0         0         0         0
     9          0         0         0         0         0         0         0         0         0         0         0         0         0         0         0         0         0         0         0         0         0         0         0         0         0         0         0         0         0         0
    10          0         0         0         0         0         0         0         0         0         0         0         0         0         0         0         0         0         0         0         0         0         0         0         0         0         0         0         0         0         0
    11          0         0         0         0         0         0         0         0         0         0         0         0         0         0         0         0         0         0         0         0         0         0         0         0         0         0         0         0         0         0
    12          0         0         0         0         0         0         0         0         0         0         0         0         0         0         0         0         0         0         0         0         0         0         0         0         0         0         0         0         0         0
    13          0         0         0         0         0         0         0         0         0         0         0         0         0         0         0         0         0         0         0         0         0         0         0         0         0         0         0         0         0         0
    14          0         0         0         0         0         0         0         0         0         0         0         0         0         0         0         0         0         0         0         0         0         0         0         0         0         0         0         0         0         0
    15          0         0         0         0         0         0         0         0         0         0         0         0         0         0         0         0         0         0         0         0         0         0         0         0         0         0         0         0         0         0
    16          0         0         0         0         0         0         0         0         0         0         0         0         0         0         0         0         0         0         0         0         0         0         0         0         0         0         0         0         0         0
    17          0         0         0         0         0         0         0         0         0         0         0         0         0         0         0         0         0         0         0         0         0         0         0         0         0         0         0         0         0         0
    18          0         0         0         0         0         0         0         0         0         0         0         0         0         0         0         0         0         0         0         0         0         0         0         0         0         0         0         0         0         0
    19          0         0         0         0         0         0         0         0         0         0         0         0         0         0         0         0         0         0         0         0         0         0         0         0         0         0         0         0         0         0
    20          0         0         0         0         0         0         0         0         0         0         0         0         0         0         0         0         0         0         0         0         0         0         0         0         0         0         0         0         0         0
    21          0         0         0         0         0         0         0         0         0         0         0         0         0         0         0         0         0         0         0         0         0         0         0         0         0         0         0         0         0         0
    22          0         0         0         0         0         0         0         0         0         0         0         0         0         0         0         0         0         0         0         0         0         0         0         0         0         0         0         0         0         0
    23          0         0         0         0         0         0         0         0         0         0         0         0         0         0         0         0         0         0         0         0         0         0         0         0         0         0         0         0         0         0
    24          0         0         0         0         0         0         0         0         0         0         0         0         0         0         0         0         0         0         0         0         0         0         0         0         0         0         0         0         0         0
    25          0         0         0         0         0         0         0         0         0         0         0         0         0         0         0         0         0         0         0         0         0         0         0         0         0         0         0         0         0         0
    26          0         0         0         0         0         0         0         0         0         0         0         0         0         0         0         0         0         0         0         0         0         0         0         0         0         0         0         0         0         0
    27          0         0         0         0         0         0         0         0         0         0         0         0         0         0         0         0         0         0         0         0         0         0         0         0         0         0         0         0         0         0
    28          0         0         0         0         0         0         0         0         0         0         0         0         0         0         0         0         0         0         0         0         0         0         0         0         0         0         0         0         0         0
    29          0         0         0         0         0         0         0         0         0         0         0         0         0         0         0         0         0         0         0         0         0         0         0         0         0         0         0         0         0         0
    30          0         0         0         0         0         0         0         0         0         0         0         0         0         0         0         0         0         0         0         0         0         0         0         0         0         0         0         0         0         0

