task_id: 30
generator: _gen_two_op_task('*')
samples_per_length: 200
seed: 0
grid: l1 (rows) x l2 (cols), both in [1, 30]

# avg_steps
 l1\l2          1         2         3         4         5         6         7         8         9        10        11        12        13        14        15        16        17        18        19        20        21        22        23        24        25        26        27        28        29        30
     1       1.00      9.72     19.00     29.05     39.94     51.54     65.53     78.21     91.21    105.81    121.62    139.72    149.53    167.33    194.45    204.72    218.60    236.33    251.72    269.40    286.62    313.27    331.30    346.30    369.14    383.94    407.19    428.93    445.05    466.80
     2       9.73     34.62     59.86     84.84    112.10    144.18    176.63    210.37    241.88    270.03    307.85    345.72    379.54    424.74    459.25    489.45    529.35    578.70    610.37    661.19    712.17    744.11    783.38    820.68    868.45    937.18    976.45   1013.84   1053.63   1107.14
     3      19.78     58.42     97.83    138.91    185.24    233.62    276.65    328.51    382.96    437.80    496.00    548.03    602.49    658.74    709.72    777.10    844.30    908.23    992.17   1058.62   1117.36   1168.37   1238.40   1317.10   1379.69   1444.33   1497.28   1573.36   1646.59   1751.37
     4      29.55     83.80    138.97    194.71    254.97    319.38    381.23    450.61    527.12    597.00    674.03    756.25    831.74    908.00    993.24   1069.20   1146.69   1237.87   1307.71   1401.61   1519.12   1588.31   1674.43   1778.68   1875.67   1954.79   2066.81   2179.91   2292.55   2386.80
     5      40.67    111.11    180.17    246.56    325.93    406.38    492.96    588.61    685.28    771.33    860.89    956.92   1051.14   1150.95   1241.64   1340.27   1469.57   1579.19   1675.09   1782.55   1884.98   2013.42   2148.49   2266.84   2385.92   2509.05   2634.78   2702.70   2829.34   3006.01
     6      52.24    144.69    228.51    314.36    405.27    501.90    601.84    722.21    828.70    927.05   1043.44   1157.20   1259.31   1389.01   1530.73   1641.01   1728.95   1872.93   2047.46   2217.36   2317.14   2406.22   2560.45   2697.55   2863.14   3047.86   3158.24   3307.33   3487.22   3671.26
     7      66.26    173.47    270.17    366.30    476.77    600.53    725.26    851.61    964.07   1088.03   1237.97   1370.13   1523.66   1669.92   1805.02   1930.13   2057.55   2217.76   2368.07   2511.45   2660.29   2810.61   3030.10   3205.49   3308.07   3487.69   3643.22   3784.10   4061.19   4377.48
     8      79.95    201.24    311.84    425.82    554.18    689.79    820.72    971.59   1108.41   1238.62   1412.89   1584.86   1718.88   1879.30   2063.66   2224.34   2367.24   2551.53   2714.44   2909.83   3114.88   3261.14   3422.16   3633.42   3881.37   4107.52   4314.05   4462.95   4601.48   4840.83
     9      92.81    232.81    364.64    492.15    637.90    800.02    946.26   1095.67   1260.13   1428.94   1593.50   1767.93   1955.59   2129.59   2329.26   2480.32   2686.15   2892.97   3103.61   3317.68   3455.17   3666.73   3941.28   4132.50   4300.64   4547.27   4798.27   5054.56   5276.84   5511.10
    10     106.07    264.78    410.88    550.65    718.30    897.34   1051.62   1231.01   1425.32   1575.90   1779.34   2016.88   2208.07   2425.07   2653.59   2832.41   3015.28   3229.10   3437.55   3668.11   3886.99   4112.62   4370.91   4598.94   4887.48   5219.12   5440.28   5725.14   5971.48   6160.47
    11     123.72    302.64    455.98    607.66    795.78    985.90   1159.52   1365.31   1573.88   1779.57   1991.93   2205.84   2408.95   2625.82   2840.80   3074.38   3344.41   3544.82   3702.46   3996.27   4330.90   4576.82   4792.03   5071.85   5361.47   5626.55   5910.11   6250.44   6541.24   6821.52
    12     133.34    331.54    502.33    670.76    868.89   1075.10   1278.22   1495.44   1711.95   1933.69   2179.84   2396.70   2628.84   2898.55   3104.89   3345.61   3644.59   3871.31   4097.24   4388.01   4703.98   4971.82   5286.18   5567.68   5882.10   6277.93   6574.01   6837.12   7109.82   7403.99
    13     147.41    359.29    547.68    737.43    950.00   1154.38   1393.07   1634.89   1862.55   2105.97   2351.63   2574.28   2852.74   3153.35   3400.62   3644.74   3969.77   4292.53   4566.48   4859.89   5189.51   5517.64   5782.83   6044.97   6382.59   6681.38   7007.30   7316.40   7565.34   7906.83
    14     170.69    401.00    604.72    811.44   1034.06   1275.23   1516.72   1772.13   2038.01   2287.31   2540.80   2821.60   3067.59   3386.84   3659.80   3976.29   4313.39   4585.65   4898.95   5221.48   5587.74   5803.80   6153.48   6570.82   6778.81   7131.94   7500.14   7830.08   8232.36   8630.81
    15     182.28    435.04    645.07    853.82   1100.69   1358.12   1631.56   1908.62   2157.96   2441.47   2743.01   3010.82   3303.89   3621.08   3950.40   4276.32   4571.99   4912.42   5276.38   5559.65   5939.03   6340.29   6643.51   6997.74   7410.21   7758.36   8168.42   8592.43   8935.82   9302.19
    16     194.65    452.48    688.83    932.16   1187.79   1448.44   1731.45   2048.38   2333.05   2621.09   2938.93   3213.55   3534.52   3896.91   4171.48   4469.06   4920.64   5285.02   5586.31   6010.83   6328.48   6658.22   7105.46   7484.40   7903.14   8272.80   8612.52   9089.11   9503.77   9893.47
    17     210.37    498.17    742.18   1001.58   1265.90   1541.28   1839.56   2167.39   2503.82   2815.64   3116.85   3457.09   3810.88   4151.52   4484.30   4852.73   5251.05   5601.65   5970.16   6354.56   6715.96   7102.36   7600.39   8035.02   8376.58   8752.40   9244.62   9689.91  10137.25  10590.45
    18     219.06    530.25    797.60   1060.43   1354.85   1657.63   1963.14   2287.53   2643.57   2975.26   3310.70   3683.24   4021.28   4372.14   4758.57   5156.22   5508.06   5877.10   6316.02   6777.65   7202.44   7594.35   8045.66   8500.42   8919.44   9384.42   9830.62  10339.23  10807.07  11191.01
    19     253.35    575.65    853.40   1135.08   1457.39   1771.52   2097.23   2402.28   2759.95   3125.20   3512.64   3875.30   4267.44   4711.31   5040.13   5389.07   5824.66   6234.52   6717.48   7223.11   7700.69   8150.69   8478.06   8895.91   9416.39   9917.55  10433.24  10816.92  11281.93  11811.83
    20     265.86    611.70    885.21   1182.64   1538.97   1873.25   2203.10   2564.52   2933.91   3293.23   3676.33   4071.27   4498.02   4934.09   5378.98   5746.02   6147.82   6619.91   7068.31   7527.69   7974.65   8463.12   8917.08   9403.25   9898.03  10292.28  10780.55  11412.42  12065.21  12595.34
    21     276.16    649.13    950.27   1238.72   1615.03   1993.57   2337.62   2732.01   3101.16   3479.48   3897.89   4320.53   4701.60   5140.43   5566.76   6026.66   6496.44   7012.14   7460.23   7925.98   8415.44   8856.20   9433.01  10011.25  10522.79  10981.80  11387.87  12004.19  12579.57  13078.97
    22     297.81    686.22   1014.85   1333.94   1693.74   2079.43   2440.82   2849.93   3286.49   3682.88   4128.88   4529.46   4946.53   5396.53   5860.01   6345.65   6811.07   7215.03   7675.17   8256.62   8829.77   9334.88   9875.19  10446.21  11019.42  11559.42  12069.80  12519.70  13003.85  13626.82
    23     319.99    738.57   1056.15   1392.06   1794.92   2181.82   2577.18   2997.11   3431.55   3852.89   4279.13   4729.59   5197.40   5643.67   6108.52   6675.69   7120.17   7614.65   8173.30   8784.61   9240.20   9601.02  10166.52  10812.64  11327.14  11953.33  12651.08  13074.99  13668.46  14437.36
    24     355.39    773.32   1146.06   1499.45   1843.78   2282.41   2700.24   3091.30   3567.80   4029.34   4525.84   5010.05   5430.86   5918.39   6362.64   6881.64   7453.38   7919.20   8409.53   9038.30   9654.59  10265.65  10820.03  11360.00  11810.78  12464.67  13174.72  13789.63  14468.22  15142.09
    25     361.87    825.38   1177.15   1530.32   1953.28   2372.70   2849.68   3304.00   3757.09   4223.38   4683.76   5181.58   5690.31   6200.81   6714.28   7279.31   7824.98   8349.83   8801.15   9301.82   9919.78  10637.75  11216.01  11764.81  12315.30  12904.29  13652.77  14234.50  15010.96  15847.53
    26     366.55    847.65   1224.33   1614.97   2044.48   2468.61   2906.62   3420.30   3922.49   4417.73   4925.31   5403.86   5935.56   6525.04   6988.85   7409.06   8010.11   8599.45   9192.68   9847.83  10572.34  11139.75  11545.01  12255.07  13044.19  13619.25  14151.73  14689.63  15477.28  16261.62
    27     382.16    896.47   1307.27   1695.11   2112.28   2556.30   3034.14   3534.35   4029.38   4529.19   5093.99   5603.19   6139.67   6689.69   7242.82   7798.71   8371.78   9020.27   9588.67  10190.33  10917.86  11474.50  12120.09  12904.67  13614.00  14266.18  14734.67  15295.26  16107.74  16806.78
    28     404.15    935.29   1331.89   1740.96   2210.07   2695.67   3194.64   3724.21   4222.07   4709.38   5234.95   5826.38   6387.77   6967.49   7486.47   8098.82   8809.20   9389.25  10007.91  10663.59  11321.78  11968.35  12663.27  13477.12  13953.17  14597.57  15401.00  16112.38  16906.52  17551.54
    29     449.44    977.24   1400.46   1830.52   2313.00   2857.09   3343.41   3835.11   4359.13   4923.00   5511.41   6048.49   6599.42   7257.93   7847.14   8458.10   9007.40   9692.88  10431.90  11031.85  11592.30  12275.64  12974.35  13787.45  14460.31  15222.94  16061.73  16663.55  17356.67  18273.01
    30     456.10   1024.96   1452.53   1875.43   2405.35   2913.99   3469.21   3994.39   4506.16   5083.98   5661.35   6227.25   6864.82   7528.40   8111.64   8712.21   9363.80  10046.53  10774.05  11434.07  12144.25  12782.92  13496.30  14221.68  15020.83  15944.55  16595.66  17384.51  18056.51  18796.89

# max_steps
 l1\l2          1         2         3         4         5         6         7         8         9        10        11        12        13        14        15        16        17        18        19        20        21        22        23        24        25        26        27        28        29        30
     1          1        15        31        47        64        83        98       121       146       165       185       210       232       251       274       294       319       347       377       404       422       439       483       514       547       567       590       621       647       671
     2         15        48        83       120       156       204       246       289       340       377       427       472       520       575       641       695       748       812       858       905       976      1039      1062      1124      1163      1306      1381      1403      1450      1606
     3         31        85       143       191       261       329       398       447       512       592       665       727       802       891       974      1053      1118      1207      1314      1475      1573      1649      1759      1854      1861      1954      2064      2099      2310      2427
     4         47       116       189       263       339       439       539       648       715       824       930      1032      1130      1239      1317      1425      1544      1626      1779      1922      2111      2169      2362      2500      2504      2667      2813      2885      3030      3184
     5         64       151       242       332       439       550       642       771       893      1015      1128      1249      1413      1562      1687      1844      1964      2092      2257      2375      2555      2715      3007      3175      3195      3335      3565      3751      3882      4088
     6         83       198       305       409       541       679       787       971      1090      1201      1362      1525      1691      1858      1986      2123      2359      2537      2660      2941      3130      3209      3371      3609      3780      3971      4172      4414      4594      4929
     7        100       229       352       486       640       807       968      1196      1383      1488      1671      1749      1962      2162      2335      2536      2700      2888      3053      3267      3654      3852      3939      4175      4377      4641      4847      4954      5212      5680
     8        117       262       402       552       711       893      1095      1320      1500      1671      1930      2124      2300      2481      2598      2791      3009      3233      3473      3747      4031      4284      4493      4945      5248      5557      5958      6033      6140      6313
     9        145       302       465       651       822      1022      1235      1479      1699      1882      2178      2428      2654      2787      2953      3190      3477      3880      3965      4200      4578      4865      5051      5296      5787      6009      6246      6465      6800      7131
    10        164       347       539       695       934      1182      1424      1615      1874      2114      2405      2589      2879      3217      3389      3580      3759      4311      4621      4945      5160      5217      5657      6014      6274      6654      7050      7443      7843      8116
    11        181       382       582       800      1016      1276      1476      1714      1977      2299      2638      2952      3049      3325      3556      4114      4459      4615      4957      5023      5458      5855      6048      6541      6936      7201      7532      7738      8231      9227
    12        200       431       668       881      1141      1389      1686      1886      2199      2474      2779      3163      3475      3666      4043      4242      4657      5055      5416      5546      5870      6615      7121      7502      7579      8000      8223      8665      9105      9543
    13        219       469       704       919      1194      1425      1838      2165      2375      2643      2947      3306      3647      4020      4250      4631      4954      5372      6016      6150      6685      7137      7300      7700      8066      8433      9012      9460      9842     10183
    14        246       500       744      1016      1329      1653      1986      2300      2632      3054      3435      3756      4133      4383      4744      4986      5377      5743      6279      7102      7539      7425      8205      8684      8400      9516     10038     10467     10602     11192
    15        284       542       803      1058      1394      1763      2074      2388      2766      3096      3476      3754      4403      4837      4966      5393      5743      6034      6561      6994      7599      8089      8207      9091      9613      9663     10264     10951     11096     11386
    16        304       582       877      1170      1515      1893      2278      2571      2935      3351      3731      4094      4662      5144      5287      5706      6259      6810      7239      7578      8012      8513      9073      9639     10032     10525     10998     11454     11556     12136
    17        328       634       940      1249      1619      2003      2358      2740      3131      3513      3898      4421      4782      5208      5647      6237      6750      7030      7452      8166      8715      9013      9816      9993     10791     11237     11442     12088     12832     13372
    18        351       658       999      1330      1713      2067      2471      2962      3404      3849      4039      4559      5162      5394      6283      6792      7296      7517      7785      8380      8749      9224      9775     11030     11630     11422     12571     12744     13493     14212
    19        375       727      1069      1466      1780      2228      2642      3114      3605      3862      4285      4762      5175      5944      6483      6900      7414      7944      8324      8910      9411     10076     10635     11707     12266     12417     13084     13439     14008     15079
    20        390       747      1123      1500      1854      2319      2775      3221      3731      4198      4672      5186      5560      6155      6822      7341      7731      8295      8966      9363      9660     10261     10928     11644     11897     12623     13711     14432     15211     15309
    21        426       782      1217      1614      2050      2476      2906      3522      3957      4348      4891      5194      5869      6729      7340      7349      7918      8529      9159      9674     10193     10693     11373     12109     12740     13502     13723     14973     15687     16265
    22        440       859      1284      1656      2135      2698      3154      3587      3974      4344      5190      5717      6312      6926      7433      7768      8356      8723      9585     10459     10728     11737     12567     13420     13635     14310     15029     15005     15888     16930
    23        487       914      1370      1732      2213      2751      3231      3763      4266      4801      5247      5941      6521      6749      7759      8392      9026      9123     10290     11072     11183     11682     13144     13853     13688     14332     15160     15730     17655     18560
    24        515       942      1405      1823      2347      2892      3505      4022      4516      5036      5591      6039      6652      7328      7855      8164      8881     10002     10045     10856     11741     12391     13488     14324     14387     15331     16201     17139     19011     19927
    25        540      1004      1442      1877      2391      2950      3534      4107      4521      5187      5747      6387      7022      7539      8243      8787      9353     10110     10845     11470     12571     12842     13457     14182     15224     16024     17180     18075     18316     19801
    26        585      1051      1523      1921      2608      3264      3589      4318      4921      5340      6156      6963      7681      7977      8778      9374      9683     10476     11049     11862     13106     13712     14702     15527     15960     16946     17020     18152     18978     19866
    27        615      1117      1555      2018      2732      3343      3707      4356      5150      5884      6391      7099      7593      8215      8779      9515     10344     11179     11856     13121     13412     14182     14848     15374     16508     17393     18400     19303     19255     21035
    28        653      1127      1624      2177      2764      3302      3823      4623      5422      5693      6455      7174      7829      8656      9141      9812     11124     12004     12174     12977     14671     15143     15565     16327     17098     18428     19404     20521     21193     21680
    29        676      1181      1713      2244      2815      3394      3964      4627      5311      6052      6792      7526      8438      9139      9359     10415     11199     11978     12397     13837     14755     14803     16493     16778     17002     19214     20626     20881     21525     22532
    30        707      1266      1766      2281      2955      3568      4244      4944      5418      6068      6780      7765      8759      9588      9821     10968     11258     12517     13630     13949     15059     15505     16184     17133     18000     18881     20240     21236     21932     22879

# visible_avg
 l1\l2          1         2         3         4         5         6         7         8         9        10        11        12        13        14        15        16        17        18        19        20        21        22        23        24        25        26        27        28        29        30
     1       4.00      5.80      6.42      7.02      7.50      8.03      8.62      9.15      9.64     10.21     10.80     11.33     11.82     12.40     13.05     13.53     14.15     14.71     15.08     15.56     16.13     16.73     17.11     17.65     18.40     18.81     19.22     19.88     20.44     21.11
     2       5.80      6.51      7.12      7.73      8.26      8.82      9.39      9.92     10.45     11.04     11.59     12.12     12.64     13.17     13.70     14.28     14.83     15.31     15.90     16.54     17.07     17.54     18.07     18.65     19.17     19.67     20.25     20.83     21.34     21.82
     3       6.44      6.89      7.46      8.07      8.59      9.09      9.66     10.24     10.80     11.35     11.90     12.43     12.98     13.46     14.00     14.58     15.10     15.68     16.21     16.73     17.28     17.85     18.38     18.87     19.40     19.98     20.54     21.06     21.61     22.10
     4       7.06      7.28      7.76      8.35      8.82      9.35      9.93     10.39     10.92     11.48     12.04     12.62     13.17     13.67     14.23     14.83     15.34     15.82     16.37     16.94     17.49     18.07     18.63     19.09     19.61     20.19     20.75     21.28     21.77     22.35
     5       7.54      7.62      8.03      8.56      9.03      9.52     10.04     10.59     11.14     11.68     12.18     12.72     13.28     13.82     14.41     14.97     15.48     16.01     16.55     17.06     17.60     18.13     18.70     19.29     19.80     20.37     20.92     21.42     21.89     22.42
     6       8.07      7.94      8.30      8.78      9.23      9.72     10.22     10.74     11.26     11.80     12.34     12.89     13.43     13.93     14.50     15.05     15.61     16.12     16.59     17.17     17.72     18.25     18.81     19.37     19.85     20.41     20.96     21.50     22.06     22.59
     7       8.62      8.29      8.58      9.00      9.46      9.92     10.41     10.91     11.46     11.99     12.49     13.01     13.55     14.08     14.66     15.21     15.72     16.26     16.79     17.29     17.87     18.42     18.95     19.51     20.06     20.57     21.06     21.59     22.13     22.66
     8       9.19      8.72      8.87      9.27      9.68     10.13     10.63     11.12     11.61     12.13     12.65     13.14     13.68     14.23     14.79     15.32     15.87     16.39     16.87     17.42     17.97     18.54     19.09     19.62     20.12     20.63     21.19     21.72     22.24     22.75
     9       9.63      9.06      9.12      9.50      9.87     10.30     10.77     11.25     11.77     12.30     12.80     13.28     13.82     14.36     14.89     15.43     15.96     16.47     17.02     17.63     18.20     18.68     19.10     19.66     20.23     20.74     21.26     21.80     22.40     22.93
    10      10.19      9.42      9.44      9.75     10.08     10.46     10.98     11.47     11.94     12.47     12.96     13.42     13.94     14.49     15.03     15.56     16.04     16.60     17.15     17.69     18.21     18.71     19.24     19.83     20.32     20.82     21.38     21.92     22.43     22.97
    11      10.80      9.80      9.70      9.99     10.31     10.69     11.12     11.56     12.05     12.54     13.06     13.57     14.10     14.65     15.18     15.70     16.19     16.73     17.30     17.79     18.29     18.82     19.39     19.87     20.35     20.95     21.47     22.04     22.54     23.01
    12      11.37     10.17     10.05     10.26     10.51     10.84     11.31     11.75     12.21     12.72     13.24     13.73     14.24     14.80     15.31     15.80     16.30     16.84     17.44     17.94     18.43     18.96     19.50     19.98     20.49     21.04     21.58     22.12     22.61     23.14
    13      11.88     10.59     10.28     10.44     10.70     11.09     11.48     11.88     12.37     12.88     13.38     13.92     14.38     14.83     15.39     15.94     16.40     16.96     17.49     17.97     18.54     19.10     19.60     20.14     20.68     21.17     21.67     22.23     22.82     23.33
    14      12.36     10.98     10.59     10.71     10.98     11.28     11.64     12.05     12.52     13.02     13.52     14.00     14.51     15.03     15.53     16.03     16.55     17.08     17.61     18.13     18.64     19.20     19.80     20.26     20.75     21.32     21.81     22.33     22.88     23.41
    15      12.95     11.31     10.92     11.08     11.25     11.48     11.85     12.26     12.75     13.24     13.66     14.14     14.67     15.15     15.70     16.23     16.72     17.22     17.69     18.22     18.76     19.26     19.81     20.39     20.90     21.37     21.87     22.39     22.96     23.49
    16      13.42     11.76     11.25     11.29     11.44     11.74     12.10     12.44     12.88     13.37     13.84     14.32     14.82     15.28     15.77     16.28     16.74     17.25     17.81     18.34     18.94     19.48     19.94     20.44     20.91     21.46     22.05     22.58     23.08     23.58
    17      13.83     12.15     11.58     11.48     11.66     11.97     12.31     12.68     13.04     13.46     13.96     14.40     14.90     15.46     15.94     16.39     16.89     17.40     17.93     18.50     19.00     19.48     19.99     20.51     21.07     21.59     22.08     22.56     23.07     23.66
    18      14.56     12.54     11.80     11.73     11.81     12.07     12.43     12.85     13.26     13.69     14.13     14.55     15.03     15.52     16.01     16.53     17.02     17.58     18.07     18.60     19.15     19.67     20.12     20.60     21.15     21.65     22.17     22.66     23.22     23.74
    19      15.08     12.95     12.13     12.05     12.08     12.28     12.63     13.04     13.42     13.84     14.29     14.77     15.16     15.62     16.20     16.73     17.23     17.73     18.18     18.63     19.15     19.67     20.25     20.79     21.26     21.76     22.29     22.88     23.38     23.86
    20      15.69     13.37     12.56     12.37     12.36     12.56     12.85     13.15     13.54     13.98     14.46     14.93     15.37     15.81     16.29     16.81     17.34     17.85     18.34     18.84     19.33     19.81     20.36     20.87     21.37     21.90     22.41     22.93     23.43     23.92
    21      16.03     13.69     12.84     12.73     12.62     12.70     12.99     13.31     13.77     14.18     14.56     15.03     15.55     16.02     16.45     16.89     17.42     17.97     18.51     18.96     19.43     19.97     20.49     20.99     21.49     22.00     22.53     23.01     23.50     24.05
    22      16.55     14.09     13.14     12.96     12.89     12.93     13.14     13.48     13.86     14.36     14.76     15.16     15.66     16.14     16.59     17.09     17.57     18.08     18.61     19.08     19.49     20.02     20.60     21.04     21.53     22.10     22.61     23.11     23.65     24.16
    23      17.09     14.39     13.47     13.26     13.05     13.16     13.43     13.76     14.08     14.47     14.91     15.35     15.78     16.26     16.74     17.17     17.65     18.17     18.65     19.09     19.59     20.19     20.66     21.14     21.75     22.27     22.66     23.20     23.78     24.27
    24      17.65     14.92     13.64     13.38     13.41     13.37     13.60     13.97     14.25     14.64     15.07     15.44     15.91     16.36     16.87     17.34     17.76     18.26     18.82     19.30     19.73     20.25     20.83     21.32     21.83     22.30     22.80     23.35     23.82     24.31
    25      18.08     15.24     14.21     13.83     13.62     13.66     13.75     14.04     14.38     14.78     15.21     15.62     16.04     16.48     16.92     17.43     17.96     18.47     18.95     19.41     19.95     20.44     20.88     21.36     21.90     22.43     22.89     23.39     23.92     24.43
    26      18.78     15.83     14.54     14.07     13.86     13.87     14.11     14.33     14.64     14.99     15.35     15.73     16.15     16.61     17.14     17.67     18.16     18.62     19.07     19.57     20.03     20.47     21.05     21.52     21.97     22.51     23.09     23.64     24.09     24.56
    27      19.29     16.16     14.73     14.33     14.15     14.17     14.30     14.45     14.76     15.16     15.55     15.94     16.37     16.82     17.24     17.75     18.25     18.70     19.20     19.65     20.12     20.62     21.13     21.65     22.09     22.61     23.18     23.71     24.22     24.70
    28      19.68     16.51     15.23     14.67     14.35     14.28     14.35     14.61     14.94     15.32     15.75     16.13     16.52     17.00     17.44     17.83     18.30     18.78     19.26     19.75     20.25     20.72     21.21     21.68     22.26     22.75     23.28     23.76     24.20     24.74
    29      20.31     16.94     15.46     14.92     14.62     14.47     14.61     14.86     15.16     15.49     15.88     16.28     16.66     17.08     17.57     18.02     18.49     18.90     19.37     19.88     20.36     20.91     21.38     21.79     22.28     22.83     23.37     23.90     24.37     24.85
    30      20.86     17.42     15.88     15.30     14.84     14.75     14.78     15.05     15.34     15.60     16.02     16.43     16.81     17.22     17.70     18.16     18.58     19.05     19.53     20.04     20.48     20.98     21.46     21.93     22.46     22.92     23.41     23.89     24.45     25.01

# visible_max
 l1\l2          1         2         3         4         5         6         7         8         9        10        11        12        13        14        15        16        17        18        19        20        21        22        23        24        25        26        27        28        29        30
     1          4        10        12        14        16        18        20        22        24        26        28        30        32        34        36        38        40        42        44        46        48        50        52        54        56        58        60        62        64        66
     2         10        13        16        19        22        25        28        31        34        37        40        43        46        49        52        55        58        61        64        67        70        73        76        79        82        85        88        91        94        97
     3         12        15        18        21        24        27        30        33        36        39        42        45        48        51        54        57        60        63        66        69        72        75        78        81        84        87        90        93        96        99
     4         14        17        20        23        26        29        32        35        38        41        44        47        50        53        56        59        62        65        68        71        74        77        80        83        86        89        92        95        98       101
     5         16        19        22        25        28        31        34        37        40        43        46        49        52        55        58        61        64        67        70        73        76        79        82        85        88        91        94        97       100       103
     6         18        21        24        27        30        33        36        39        42        45        48        51        54        57        60        63        66        69        72        75        78        81        84        87        90        93        96        99       102       105
     7         20        23        26        29        32        35        38        41        44        47        50        53        56        59        62        65        68        71        74        77        80        83        86        89        92        95        98       101       104       107
     8         22        25        28        31        34        37        40        43        46        49        52        55        58        61        64        67        70        73        76        79        82        85        88        91        94        97       100       103       106       109
     9         24        27        30        33        36        39        42        45        48        51        54        57        60        63        66        69        72        75        78        81        84        87        90        93        96        99       102       105       108       111
    10         26        29        32        35        38        41        44        47        50        53        56        59        62        65        68        71        74        77        80        83        86        89        92        95        98       101       104       107       110       113
    11         28        31        34        37        40        43        46        49        52        55        58        61        64        67        70        73        76        79        82        85        88        91        94        97       100       103       106       109       112       115
    12         30        33        36        39        42        45        48        51        54        57        60        63        66        69        72        75        78        81        84        87        90        93        96        99       102       105       108       111       114       117
    13         32        35        38        41        44        47        50        53        56        59        62        65        68        71        74        77        80        83        86        89        92        95        98       101       104       107       110       113       116       119
    14         34        37        40        43        46        49        52        55        58        61        64        67        70        73        76        79        82        85        88        91        94        97       100       103       106       109       112       115       118       121
    15         36        39        42        45        48        51        54        57        60        63        66        69        72        75        78        81        84        87        90        93        96        99       102       105       108       111       114       117       120       123
    16         38        41        44        47        50        53        56        59        62        65        68        71        74        77        80        83        86        89        92        95        98       101       104       107       110       113       116       119       122       125
    17         40        43        46        49        52        55        58        61        64        67        70        73        76        79        82        85        88        91        94        97       100       103       106       109       112       115       118       121       124       127
    18         42        45        48        51        54        57        60        63        66        69        72        75        78        81        84        87        90        93        96        99       102       105       108       111       114       117       120       123       126       129
    19         44        47        50        53        56        59        62        65        68        71        74        77        80        83        86        89        92        95        98       101       104       107       110       113       116       119       122       125       128       131
    20         46        49        52        55        58        61        64        67        70        73        76        79        82        85        88        91        94        97       100       103       106       109       112       115       118       121       124       127       130       133
    21         48        51        54        57        60        63        66        69        72        75        78        81        84        87        90        93        96        99       102       105       108       111       114       117       120       123       126       129       132       135
    22         50        53        56        59        62        65        68        71        74        77        80        83        86        89        92        95        98       101       104       107       110       113       116       119       122       125       128       131       134       137
    23         52        55        58        61        64        67        70        73        76        79        82        85        88        91        94        97       100       103       106       109       112       115       118       121       124       127       130       133       136       139
    24         54        57        60        63        66        69        72        75        78        81        84        87        90        93        96        99       102       105       108       111       114       117       120       123       126       129       132       135       138       141
    25         56        59        62        65        68        71        74        77        80        83        86        89        92        95        98       101       104       107       110       113       116       119       122       125       128       131       134       137       140       143
    26         58        61        64        67        70        73        76        79        82        85        88        91        94        97       100       103       106       109       112       115       118       121       124       127       130       133       136       139       142       145
    27         60        63        66        69        72        75        78        81        84        87        90        93        96        99       102       105       108       111       114       117       120       123       126       129       132       135       138       141       144       147
    28         62        65        68        71        74        77        80        83        86        89        92        95        98       101       104       107       110       113       116       119       122       125       128       131       134       137       140       143       146       149
    29         64        67        70        73        76        79        82        85        88        91        94        97       100       103       106       109       112       115       118       121       124       127       130       133       136       139       142       145       148       151
    30         66        69        72        75        78        81        84        87        90        93        96        99       102       105       108       111       114       117       120       123       126       129       132       135       138       141       144       147       150       153

# total_avg
 l1\l2          1         2         3         4         5         6         7         8         9        10        11        12        13        14        15        16        17        18        19        20        21        22        23        24        25        26        27        28        29        30
     1       4.00      7.92     10.56     13.24     15.66     18.13     21.05     23.55     25.92     28.61     31.60     34.54     36.38     39.19     43.02     44.97     47.37     49.95     52.06     54.50     57.08     60.61     62.86     64.84     67.84     69.81     72.46     75.21     77.40     80.21
     2       7.92     12.09     15.43     18.58     21.65     25.11     28.45     31.72     34.74     37.79     41.15     44.34     47.30     50.55     53.68     56.78     59.98     63.32     66.43     70.35     73.55     76.00     79.12     81.87     84.98     89.08     92.29     95.35     98.02    101.24
     3      10.85     15.21     18.99     22.78     26.53     30.06     33.51     37.49     41.15     45.06     49.18     52.61     56.10     59.43     62.59     66.59     70.70     74.44     78.36     81.79     85.52     89.45     93.21     96.18     99.49    103.41    106.69    109.78    113.51    118.28
     4      13.40     18.42     22.63     26.93     30.85     35.01     39.04     42.92     47.16     51.44     55.75     59.91     64.18     68.21     72.57     77.04     80.81     84.46     88.39     92.80     97.44    101.21    105.61    109.98    113.46    116.93    121.62    126.70    130.89    134.79
     5      15.83     21.51     26.14     30.55     35.08     39.44     44.00     49.00     54.17     58.57     62.60     67.25     71.98     76.43     81.03     85.54     90.37     94.85     99.47    103.91    107.99    113.04    117.78    122.57    127.39    132.22    137.01    140.67    145.58    150.61
     6      18.27     24.99     29.93     34.95     39.62     44.58     49.54     54.96     60.06     64.55     69.76     75.09     79.67     84.44     90.43     95.15     99.18    104.60    110.24    116.10    120.18    124.39    129.93    134.59    140.56    146.96    150.78    155.49    161.07    166.48
     7      21.10     28.09     33.26     38.34     43.85     49.56     55.21     60.71     65.83     71.25     76.80     82.14     87.74     93.58     99.51    104.60    108.72    114.35    120.14    124.92    130.37    136.22    143.44    149.06    153.07    158.18    163.29    168.27    175.81    183.09
     8      23.86     31.14     36.67     42.44     48.43     54.38     60.07     66.25     71.80     77.21     83.76     89.86     95.47    101.19    107.68    113.24    118.32    124.94    129.91    135.98    142.99    148.41    153.85    160.31    167.07    173.75    180.05    184.85    189.64    194.96
     9      26.14     34.30     40.46     46.65     52.95     59.55     65.67     71.55     78.10     84.98     91.29     97.16    103.77    110.13    116.20    122.23    128.77    135.12    141.93    149.30    155.41    160.94    168.16    174.44    179.15    185.40    191.80    198.47    206.54    212.91
    10      28.62     37.50     44.11     50.50     57.27     64.32     70.84     77.80     84.66     90.90     97.87    105.21    112.02    119.58    126.25    132.15    138.25    145.22    152.71    159.70    166.21    172.36    179.51    186.55    192.64    200.65    209.24    216.54    222.25    227.66
    11      31.69     40.95     47.32     54.10     61.80     69.12     75.55     82.65     90.18     97.40    105.20    112.26    118.96    126.60    133.88    141.39    149.31    155.38    160.80    169.29    177.94    185.45    192.32    198.92    205.34    213.74    221.67    229.46    236.65    242.72
    12      33.77     43.72     51.01     58.20     65.54     73.07     80.91     88.49     96.03    103.93    112.19    119.39    126.71    135.85    142.20    149.60    158.04    165.18    173.11    180.36    188.01    196.08    204.87    211.71    219.35    229.34    236.79    244.39    250.75    257.21
    13      36.05     46.71     54.13     61.90     69.82     77.70     85.92     94.27    102.50    110.81    119.15    126.94    134.99    143.51    151.22    158.96    167.39    176.50    184.65    192.62    200.96    209.73    217.82    225.91    234.73    241.15    249.10    258.19    264.83    272.48
    14      39.47     50.29     58.01     66.16     74.62     82.98     91.34     99.59    108.55    116.94    125.56    134.20    141.92    152.08    160.44    168.93    178.02    185.95    194.00    203.95    213.31    220.06    230.14    238.61    245.00    253.85    262.36    271.16    280.12    288.42
    15      41.57     53.17     61.24     69.93     78.81     87.36     96.53    105.74    114.92    124.21    132.15    140.55    150.06    159.33    169.42    178.72    187.07    196.24    205.65    213.50    223.57    234.23    242.54    251.85    260.38    267.56    277.49    288.16    297.55    305.94
    16      43.66     55.54     64.56     74.22     83.15     92.18    101.79    111.73    120.86    130.04    139.50    148.58    158.35    168.86    176.69    184.74    196.08    206.04    215.30    225.68    236.16    244.59    253.80    263.49    272.23    281.62    291.60    302.12    310.75    319.45
    17      45.86     59.47     68.29     77.62     87.27     97.09    106.99    117.33    127.46    136.78    146.02    155.16    166.27    177.57    185.71    195.27    206.78    215.75    225.36    236.45    244.77    254.27    266.69    277.84    286.68    295.41    305.14    313.82    324.07    336.22
    18      47.97     62.15     71.52     81.18     91.05    101.21    111.73    122.74    133.68    144.07    153.86    163.99    173.74    183.81    194.04    204.90    214.79    225.68    237.27    249.26    259.67    269.17    278.32    288.28    300.19    310.63    319.51    329.63    339.97    350.57
    19      52.30     65.84     75.31     86.02     96.61    106.51    117.47    127.56    138.08    149.95    161.24    171.84    182.33    193.82    204.68    214.85    225.87    236.47    246.91    257.43    269.22    281.82    292.03    301.45    312.05    324.23    333.71    344.48    355.46    367.01
    20      54.28     68.95     78.55     89.38    101.17    112.09    122.39    133.23    144.37    155.38    167.22    178.90    190.80    201.53    212.59    224.41    235.75    248.06    259.95    269.77    279.23    291.41    303.35    313.45    324.26    334.32    344.55    357.44    371.47    382.91
    21      55.83     71.74     82.20     93.24    105.22    116.63    127.32    139.19    151.66    162.69    174.00    186.17    197.35    208.99    219.82    230.91    243.97    256.92    269.20    280.77    292.40    303.40    315.30    329.03    340.27    352.13    362.86    375.84    387.37    396.84
    22      58.62     74.87     85.90     97.88    109.46    121.05    132.04    144.56    157.45    169.98    182.10    193.28    205.59    217.56    229.65    243.31    254.31    265.48    277.95    291.08    303.13    315.96    328.44    338.72    351.42    366.48    377.78    386.18    398.34    413.11
    23      61.56     78.02     88.99    101.41    113.59    125.90    138.70    151.06    163.67    176.18    188.21    200.78    213.71    225.73    237.87    251.46    262.97    276.38    289.63    301.96    314.06    324.53    336.77    351.25    366.10    379.70    390.95    402.74    415.49    428.56
    24      65.45     81.56     93.20    105.61    117.43    130.09    142.79    155.51    168.86    182.08    196.24    209.27    221.48    234.27    245.94    259.53    273.13    284.56    298.60    312.50    325.40    340.79    354.33    365.22    377.20    392.13    407.81    419.61    431.89    445.10
    25      66.99     85.08     97.10    109.37    122.28    135.01    148.50    161.80    175.34    189.27    201.81    214.55    229.15    241.66    254.95    270.27    284.37    297.59    308.52    320.50    334.85    351.57    364.29    375.29    388.87    403.93    417.62    429.56    446.44    460.61
    26      68.33     87.69     99.84    113.55    127.06    139.61    153.44    168.22    181.92    195.95    209.78    222.01    236.17    251.38    264.84    277.96    293.67    308.16    320.35    335.81    350.05    361.95    375.49    389.89    405.10    419.25    431.79    444.93    458.67    473.10
    27      70.40     90.84    103.78    117.34    130.52    144.14    158.25    171.89    186.38    201.23    216.36    230.88    244.70    258.76    272.34    287.36    302.32    316.94    330.92    344.52    360.25    374.04    387.62    404.03    420.02    434.28    448.10    460.45    474.57    489.69
    28      72.94     93.76    107.04    120.89    134.97    149.49    163.65    178.85    193.50    207.44    222.39    237.91    252.66    267.96    281.13    295.17    312.91    327.06    341.02    357.65    371.97    385.07    400.84    418.37    431.85    445.71    463.63    479.81    493.09    504.07
    29      77.85     96.74    110.22    124.81    139.85    155.09    169.71    184.41    199.10    214.23    230.79    245.67    259.72    276.14    292.20    306.55    320.27    335.58    352.08    366.86    381.59    398.08    412.61    427.14    441.11    459.58    479.12    492.69    506.94    521.71
    30      79.21    100.33    113.85    128.36    143.65    158.92    174.33    189.61    204.66    220.33    236.56    251.82    267.43    283.73    299.19    314.48    329.58    346.82    364.98    381.24    396.38    409.81    423.74    440.50    459.62    475.73    488.16    504.86    521.17    535.72

# total_max
 l1\l2          1         2         3         4         5         6         7         8         9        10        11        12        13        14        15        16        17        18        19        20        21        22        23        24        25        26        27        28        29        30
     1          4        16        20        24        28        32        36        40        44        48        52        56        60        64        68        72        74        78        84        88        90        94        98       102       104       108       114       118       120       123
     2         16        22        26        31        36        41        46        51        56        59        64        69        74        81        86        89        94        99       104       109       114       119       122       127       132       138       143       146       150       158
     3         20        27        32        38        44        50        56        61        67        74        80        84        90        98       104       108       113       120       126       134       140       143       152       158       160       166       172       177       183       189
     4         24        32        38        45        52        59        66        73        80        87        94        99       106       113       120       127       134       140       147       157       164       169       178       185       190       195       202       209       216       221
     5         28        37        44        52        60        68        76        84        92        98       106       116       124       132       138       146       155       163       170       178       186       194       201       209       217       225       233       241       246       258
     6         32        42        50        59        68        77        86        95       104       112       120       129       138       147       155       167       176       181       192       202       211       217       226       237       246       255       262       269       280       290
     7         36        47        56        66        76        85        95       105       115       126       136       145       155       164       173       183       193       203       214       224       234       244       252       262       269       281       291       298       309       322
     8         40        52        62        73        84        95       104       116       128       139       149       161       172       183       192       203       214       222       234       245       256       267       277       293       302       311       323       333       344       355
     9         44        57        68        80        91       104       116       126       138       151       163       176       188       200       208       222       232       245       256       268       280       294       308       320       329       341       351       362       373       383
    10         48        62        74        87       100       113       126       137       150       163       177       190       202       214       226       240       253       267       280       294       307       319       331       341       356       369       380       394       407       421
    11         52        67        80        94       108       122       136       149       161       176       192       204       218       232       243       261       274       288       300       315       327       340       354       367       387       399       409       424       438       454
    12         56        72        86       101       116       129       144       159       175       190       203       219       234       249       264       277       294       309       322       336       355       367       386       401       411       426       438       455       470       485
    13         60        76        92       108       123       138       154       170       185       200       217       235       251       264       282       298       315       331       343       362       376       391       407       423       439       455       472       488       500       516
    14         62        81        98       114       131       149       166       180       197       216       233       250       267       284       301       314       330       347       364       384       402       419       434       451       466       482       499       519       534       555
    15         66        87       104       121       139       157       175       193       210       227       245       262       282       300       314       332       349       369       387       403       423       441       456       476       494       513       531       547       560       582
    16         71        91       109       128       146       166       185       203       221       240       260       279       297       316       336       355       374       393       408       424       446       466       485       503       524       543       560       579       593       612
    17         76        97       116       135       155       173       195       214       234       253       273       291       312       332       350       371       390       410       429       449       470       490       512       530       552       572       591       610       629       649
    18         78       100       121       141       161       182       202       226       247       266       286       305       328       349       370       392       413       432       451       474       496       517       536       554       574       596       619       640       659       680
    19         82       105       127       150       170       191       213       235       256       278       300       322       343       364       388       410       429       450       474       496       520       542       560       584       606       628       649       671       689       720
    20         84       110       133       155       177       200       225       248       270       291       317       340       359       385       408       425       450       473       496       520       543       563       590       613       631       653       676       697       720       745
    21         90       114       139       162       185       210       234       258       282       302       330       354       373       398       422       445       468       492       516       543       567       587       612       636       660       684       704       733       759       783
    22         94       121       145       170       195       220       245       268       293       316       342       367       392       417       441       464       489       511       540       565       587       612       641       671       694       710       735       758       783       816
    23         98       124       151       176       201       226       253       280       307       333       354       380       407       431       461       487       509       535       561       587       613       633       666       692       717       743       770       796       818       846
    24        102       131       158       183       210       236       263       290       314       341       369       398       426       453       475       502       527       558       581       608       632       659       692       719       742       773       800       821       854       881
    25        104       135       163       189       216       244       272       299       328       356       384       410       439       467       494       522       547       576       603       631       657       685       716       744       772       800       832       860       882       910
    26        112       141       168       197       225       254       281       310       339       367       397       427       456       485       513       538       565       594       623       655       688       717       742       773       802       831       857       884       911       940
    27        113       145       174       204       233       262       289       322       352       382       410       440       471       501       528       559       590       620       647       680       709       740       768       793       826       856       885       913       949       979
    28        117       148       178       210       242       273       300       327       361       392       422       453       487       518       543       576       606       637       667       701       733       764       788       819       848       877       919       950       976      1005
    29        120       155       185       216       248       278       309       341       372       403       438       470       503       533       559       591       628       660       690       726       758       786       818       850       883       915       952       982      1009      1041
    30        126       160       193       224       256       289       322       351       386       419       451       482       515       546       578       613       646       684       715       747       779       811       843       874       910       943       974      1010      1041      1074

# n_failures
 l1\l2          1         2         3         4         5         6         7         8         9        10        11        12        13        14        15        16        17        18        19        20        21        22        23        24        25        26        27        28        29        30
     1          0         0         0         0         0         0         0         0         0         0         0         0         0         0         0         0         0         0         0         0         0         0         0         0         0         0         0         0         0         0
     2          0         0         0         0         0         0         0         0         0         0         0         0         0         0         0         0         0         0         0         0         0         0         0         0         0         0         0         0         0         0
     3          0         0         0         0         0         0         0         0         0         0         0         0         0         0         0         0         0         0         0         0         0         0         0         0         0         0         0         0         0         0
     4          0         0         0         0         0         0         0         0         0         0         0         0         0         0         0         0         0         0         0         0         0         0         0         0         0         0         0         0         0         0
     5          0         0         0         0         0         0         0         0         0         0         0         0         0         0         0         0         0         0         0         0         0         0         0         0         0         0         0         0         0         0
     6          0         0         0         0         0         0         0         0         0         0         0         0         0         0         0         0         0         0         0         0         0         0         0         0         0         0         0         0         0         0
     7          0         0         0         0         0         0         0         0         0         0         0         0         0         0         0         0         0         0         0         0         0         0         0         0         0         0         0         0         0         0
     8          0         0         0         0         0         0         0         0         0         0         0         0         0         0         0         0         0         0         0         0         0         0         0         0         0         0         0         0         0         0
     9          0         0         0         0         0         0         0         0         0         0         0         0         0         0         0         0         0         0         0         0         0         0         0         0         0         0         0         0         0         0
    10          0         0         0         0         0         0         0         0         0         0         0         0         0         0         0         0         0         0         0         0         0         0         0         0         0         0         0         0         0         0
    11          0         0         0         0         0         0         0         0         0         0         0         0         0         0         0         0         0         0         0         0         0         0         0         0         0         0         0         0         0         0
    12          0         0         0         0         0         0         0         0         0         0         0         0         0         0         0         0         0         0         0         0         0         0         0         0         0         0         0         0         0         0
    13          0         0         0         0         0         0         0         0         0         0         0         0         0         0         0         0         0         0         0         0         0         0         0         0         0         0         0         0         0         0
    14          0         0         0         0         0         0         0         0         0         0         0         0         0         0         0         0         0         0         0         0         0         0         0         0         0         0         0         0         0         0
    15          0         0         0         0         0         0         0         0         0         0         0         0         0         0         0         0         0         0         0         0         0         0         0         0         0         0         0         0         0         0
    16          0         0         0         0         0         0         0         0         0         0         0         0         0         0         0         0         0         0         0         0         0         0         0         0         0         0         0         0         0         0
    17          0         0         0         0         0         0         0         0         0         0         0         0         0         0         0         0         0         0         0         0         0         0         0         0         0         0         0         0         0         0
    18          0         0         0         0         0         0         0         0         0         0         0         0         0         0         0         0         0         0         0         0         0         0         0         0         0         0         0         0         0         0
    19          0         0         0         0         0         0         0         0         0         0         0         0         0         0         0         0         0         0         0         0         0         0         0         0         0         0         0         0         0         0
    20          0         0         0         0         0         0         0         0         0         0         0         0         0         0         0         0         0         0         0         0         0         0         0         0         0         0         0         0         0         0
    21          0         0         0         0         0         0         0         0         0         0         0         0         0         0         0         0         0         0         0         0         0         0         0         0         0         0         0         0         0         0
    22          0         0         0         0         0         0         0         0         0         0         0         0         0         0         0         0         0         0         0         0         0         0         0         0         0         0         0         0         0         0
    23          0         0         0         0         0         0         0         0         0         0         0         0         0         0         0         0         0         0         0         0         0         0         0         0         0         0         0         0         0         0
    24          0         0         0         0         0         0         0         0         0         0         0         0         0         0         0         0         0         0         0         0         0         0         0         0         0         0         0         0         0         0
    25          0         0         0         0         0         0         0         0         0         0         0         0         0         0         0         0         0         0         0         0         0         0         0         0         0         0         0         0         0         0
    26          0         0         0         0         0         0         0         0         0         0         0         0         0         0         0         0         0         0         0         0         0         0         0         0         0         0         0         0         0         0
    27          0         0         0         0         0         0         0         0         0         0         0         0         0         0         0         0         0         0         0         0         0         0         0         0         0         0         0         0         0         0
    28          0         0         0         0         0         0         0         0         0         0         0         0         0         0         0         0         0         0         0         0         0         0         0         0         0         0         0         0         0         0
    29          0         0         0         0         0         0         0         0         0         0         0         0         0         0         0         0         0         0         0         0         0         0         0         0         0         0         0         0         0         0
    30          0         0         0         0         0         0         0         0         0         0         0         0         0         0         0         0         0         0         0         0         0         0         0         0         0         0         0         0         0         0

